%SECTION%1%;General;
%FIELDS%;separation_distance_on_ground;
%DESCRIPTION%;[m];
;60;
%SECTION%1%;Nodes;
%FIELDS%;node_id;x;y;lat;lon;name;specification;
%DESCRIPTION%;ID;x-coordination;y-coordination;latitude;longitude;name;{'', gate, runway, holding_point, intermediate};
;1;548596.7161603612;5912388.1455845;53.35839;-2.2698023;;intermediate;
;2;548691.5247169995;5912549.015477575;53.3598272;-2.2683531;;intermediate;
;3;548574.0018249368;5912379.468906426;53.3583141;-2.2701449;;intermediate;
;4;548466.5003692183;5912358.155799896;53.3581324;-2.2717633;;intermediate;
;5;548687.1847912144;5912542.562571408;53.3597696;-2.2684193;;intermediate;
;6;548622.7203743196;5912401.183951624;53.3585048;-2.2694096;;intermediate;
;7;548395.6201049038;5912350.457583997;53.3580697;-2.2728294;;intermediate;
;8;548765.706178593;5912531.0960332565;53.3596593;-2.2672413;;intermediate;
;9;548682.6724273625;5912455.490659044;53.3589874;-2.2685005;;intermediate;
;10;548684.6426401468;5912463.276622589;53.3590572;-2.2684697;;intermediate;
;11;548473.0372930267;5912350.245312678;53.3580607;-2.2716663;;intermediate;
;12;548684.7869465267;5912534.293816333;53.3596955;-2.2684566;;intermediate;
;13;548615.0780489559;5912396.766717895;53.3584658;-2.2695251;;intermediate;
;14;548401.532083338;5912358.150056465;53.3581383;-2.2727394;;intermediate;
;15;548685.5223356182;5912479.4068584535;53.3592021;-2.268454;;intermediate;
;16;548583.6912828612;5912384.174019775;53.3583555;-2.2699986;;intermediate;
;17;548407.5266035085;5912363.618228345;53.3581869;-2.2726485;;intermediate;
;18;548675.4008753466;5912444.779945659;53.3588918;-2.2686114;;intermediate;
;19;548762.7978203539;5912539.51064046;53.3597352;-2.2672837;;intermediate;
;20;548607.4397474779;5912392.6054302;53.3584291;-2.2696405;;intermediate;
;21;548685.7875043354;5912471.065256769;53.3591271;-2.2684513;;intermediate;
;22;548564.5848612587;5912373.498262254;53.3582613;-2.2702873;;intermediate;
;23;548678.8421081759;5912449.310001951;53.3589322;-2.268559;;intermediate;
;24;547899.699633887;5913114.488213139;53.3649821;-2.2801645;;intermediate;
;25;547877.181974571;5912906.232202237;53.3631123;-2.2805344;;intermediate;
;26;547894.4076031613;5912933.085327403;53.3633521;-2.2802715;;intermediate;
;27;548177.4425346375;5912213.563644246;53.3568592;-2.2761282;;intermediate;
;28;548160.5081180637;5912638.595443354;53.360681;-2.2763179;;intermediate;
;29;548381.5073152847;5912325.18082414;53.3578438;-2.2730453;;intermediate;
;30;547960.555186334;5912380.914843852;53.3583831;-2.2793613;;intermediate;
;31;548374.1744618336;5912341.983928146;53.3579955;-2.2731529;;intermediate;
;32;548167.8280641203;5912628.2003172515;53.3605869;-2.2762095;;intermediate;
;33;547925.7775942291;5913069.8588433275;53.3645786;-2.2797794;;intermediate;
;34;548801.0177265757;5912640.9583186;53.3606435;-2.2666938;;intermediate;
;35;548858.4000442518;5912672.188360346;53.3609189;-2.2658268;;intermediate;
;36;549055.3329657295;5912729.212102588;53.3614132;-2.262859;;intermediate;
;37;549075.7291320864;5912771.355772371;53.3617901;-2.262546;;intermediate;
;38;548995.3284170317;5912785.30106142;53.3619229;-2.2637519;;intermediate;
;39;549244.4083373268;5912870.32920577;53.362664;-2.2599961;;intermediate;
;40;549188.5967454485;5912875.55874173;53.3627162;-2.2608339;;intermediate;
;41;549202.8923137481;5912876.185168572;53.3627205;-2.260619;;intermediate;
;42;549315.5845684361;5912896.111584289;53.3628891;-2.2589226;;intermediate;
;43;545916.0185635703;5909431.052271911;53.3320505;-2.3105072;05R / 23L;runway;
;44;548440.2509804352;5911513.5335307;53.3505432;-2.272287;;intermediate;
;45;547971.0229810374;5911957.096951403;53.3545728;-2.2792683;;intermediate;
;46;548198.6120099183;5912187.666198911;53.3566245;-2.2758141;;intermediate;
;47;548255.0481730202;5912118.958947823;53.3560018;-2.2749767;;intermediate;
;48;548429.7585196035;5912262.2666885145;53.3572739;-2.27233;;intermediate;
;49;548817.0770317139;5912083.144119854;53.3556283;-2.2665386;;intermediate;
;50;548834.8098131132;5912134.282267785;53.3560863;-2.2662643;;intermediate;
;51;548769.8847837115;5912516.942445685;53.3595317;-2.2671807;;intermediate;
;52;548823.0882675218;5912211.374594819;53.3567803;-2.2664285;;intermediate;
;53;548654.8595933614;5912426.723869387;53.3587314;-2.2689228;;intermediate;
;54;548490.5581169615;5912312.1737397425;53.3577169;-2.2714089;;intermediate;
;55;548546.125266947;5912121.611832174;53.355999;-2.2706033;;intermediate;
;56;548803.6787105224;5912317.047950679;53.3577319;-2.2667038;05L / 23R;runway;
;57;548768.4407116636;5912287.981740685;53.3574739;-2.2672377;05L / 23R;runway;
;58;548379.2363978707;5911966.986726936;53.3546245;-2.2731342;05L / 23R;runway;
;59;548554.4822593895;5912111.506021111;53.3559074;-2.2704793;05L / 23R;runway;
;60;548677.178384363;5911963.208811275;53.3545632;-2.2686588;;intermediate;
;61;548448.9132743244;5911875.853515997;53.353799;-2.2721014;;intermediate;
;62;548063.8740147905;5911958.402184375;53.3545761;-2.2778732;;intermediate;
;63;548113.8568664244;5911959.108180835;53.3545779;-2.2771222;;intermediate;
;64;548013.4482350445;5912400.785484927;53.3585569;-2.2785636;;intermediate;
;65;547898.5753729945;5912343.31892379;53.3580508;-2.2802982;;intermediate;
;66;548016.3653515008;5912423.656087756;53.3587622;-2.2785163;;intermediate;
;67;548131.9087629225;5912320.621350917;53.3578256;-2.276796;;intermediate;
;68;548141.7549204637;5912305.311943797;53.3576871;-2.2766504;;intermediate;
;69;548136.2053527972;5912267.049955681;53.3573437;-2.2767396;;intermediate;
;70;548441.6262902718;5912377.183095811;53.3583057;-2.2721341;;intermediate;
;71;548108.0656620415;5912247.128090206;53.3571672;-2.2771654;;intermediate;
;72;547989.5983622805;5912147.222852562;53.35628;-2.2789604;;intermediate;
;73;547444.5013425614;5911475.275804091;53.3502896;-2.2872505;;intermediate;
;74;547792.9028412586;5911773.741926284;53.3529409;-2.2819719;;intermediate;
;75;547818.2190209114;5911954.956317253;53.3545674;-2.2815642;;intermediate;
;76;547831.1820501382;5911983.768858796;53.3548252;-2.2813651;;intermediate;
;77;547832.6360489134;5912083.347550946;53.3557201;-2.2813282;;intermediate;
;78;547743.0234878308;5912046.821934576;53.3553999;-2.28268;;intermediate;
;79;547861.63241898;5912040.883333494;53.3553358;-2.280899;;intermediate;
;80;547902.2348517361;5912076.004650165;53.3556478;-2.2802837;;intermediate;
;81;547796.4603556237;5911703.952727351;53.3523133;-2.281929;;intermediate;
;82;548121.1570738609;5911754.168328032;53.3527352;-2.2770437;05L / 23R;runway;
;83;547787.4226785663;5911608.381004982;53.3514551;-2.2820792;;intermediate;
;84;547847.9289740155;5911528.884571151;53.3507351;-2.2811823;05L / 23R;runway;
;85;547971.5850213227;5911378.353914273;53.3493709;-2.2793476;;intermediate;
;86;548138.4528702346;5911514.094598641;53.3505758;-2.2768204;;intermediate;
;87;548143.0942003271;5911376.583199955;53.3493394;-2.2767716;;intermediate;
;88;548273.7740263185;5911510.560490387;53.3505317;-2.2747882;;intermediate;
;89;548226.2431546226;5911582.005837606;53.3511782;-2.2754913;;intermediate;
;90;548424.430405039;5911633.441243695;53.3516224;-2.2725063;;intermediate;
;91;548451.3319132985;5911778.984118203;53.3529281;-2.2720799;;intermediate;
;92;548217.4403364661;5911833.558236958;53.35344;-2.2755852;05L / 23R;runway;
;93;547058.2903828636;5910951.266836016;53.3456142;-2.2931299;;intermediate;
;94;547037.8410605838;5910996.668601103;53.3460241;-2.2934303;;intermediate;
;95;547035.9727232333;5911040.830162554;53.3464212;-2.2934518;;intermediate;
;96;547053.3593407172;5911094.305316126;53.3469003;-2.2931827;;intermediate;
;97;547075.135733353;5911125.305641753;53.347177;-2.292851;;intermediate;
;98;547116.1522449501;5911167.043863287;53.3475485;-2.2922287;;intermediate;
;99;547223.8633264939;5911253.613470772;53.348317;-2.2905979;;intermediate;
;100;547210.1156141576;5911199.328226155;53.3478303;-2.2908125;;intermediate;
;101;547217.739589293;5911150.951599653;53.3473948;-2.2907052;;intermediate;
;102;547239.5929637123;5911108.412707084;53.3470105;-2.2903833;;intermediate;
;103;547276.4837386751;5911059.448146429;53.3465671;-2.2898365;05L / 23R;runway;
;104;547294.6031105289;5911322.728562722;53.3489319;-2.289525;;intermediate;
;105;547397.8927004328;5911422.086172795;53.3498157;-2.2879586;;intermediate;
;106;547456.9195751683;5911375.646786636;53.349393;-2.2870789;;intermediate;
;107;547721.024270964;5911424.251036796;53.3498061;-2.2831044;05L / 23R;runway;
;108;547541.132207248;5911275.956459792;53.3484894;-2.2858289;05L / 23R;runway;
;109;547647.7904695813;5911089.956830578;53.346808;-2.2842548;;intermediate;
;110;547892.1218372408;5911313.8023580145;53.3487979;-2.280551;;intermediate;
;111;547739.9647202303;5910935.577921222;53.3454121;-2.2828936;05R / 23L;runway;
;112;548087.507952577;5911222.385561797;53.3479585;-2.27763;05R / 23L;runway;
;113;545819.7677316046;5909561.895784859;53.3332349;-2.3119335;;intermediate;
;114;545821.3910796831;5909583.495096534;53.3334289;-2.311906;;intermediate;
;115;545937.0433482202;5909684.184857119;53.3343239;-2.3101548;;intermediate;
;116;545985.7383229687;5909696.559818296;53.3344309;-2.3094218;;intermediate;
;117;546101.7974343771;5909584.246571562;53.3334113;-2.3076954;05R / 23L;runway;
;118;547513.9032359094;5910749.038578542;53.3437558;-2.286317;05R / 23L;runway;
;119;547406.6773247035;5910660.564909677;53.3429702;-2.2879407;05R / 23L;runway;
;120;548282.8654946731;5911383.619296119;53.3493899;-2.274671;;intermediate;
;121;548149.7610660703;5911273.760080876;53.3484146;-2.2766871;;intermediate;
;122;549030.4113457648;5912725.060853836;53.3613782;-2.2632341;;intermediate;
;123;549079.5169608411;5912722.296841321;53.3613488;-2.2624967;;intermediate;
;124;549129.2044551175;5912666.480515279;53.3608425;-2.2617588;;intermediate;
;125;549161.2090003293;5912611.9725691145;53.3603496;-2.2612864;05L / 23R;runway;
;126;549063.9969766675;5912753.8338958975;53.3616337;-2.262725;;intermediate;
;127;549289.7182163307;5912887.543339429;53.3628145;-2.2593126;;intermediate;
;128;549342.4594427845;5912896.635373225;53.3628913;-2.2585187;;intermediate;
;129;549381.1930476157;5912879.948567465;53.3627377;-2.2579393;;intermediate;
;130;549426.4934722036;5912829.563602388;53.3622806;-2.2572665;05L / 23R;runway;
;131;549081.5974336645;5912789.562530688;53.3619532;-2.262455;;intermediate;
;132;549095.264245838;5912804.690149931;53.3620879;-2.2622473;;intermediate;
;133;549170.9908683746;5912866.186610721;53.3626336;-2.2610999;;intermediate;
;134;549260.3831696917;5912872.675455488;53.3626836;-2.2597557;;intermediate;
;135;548029.7962248788;5912577.137812349;53.3601405;-2.2782912;;intermediate;
;136;547999.5036858345;5912649.905547072;53.3607973;-2.2787353;;intermediate;
;137;547442.5701490161;5913192.754627372;53.3657268;-2.2870219;;intermediate;
;138;547624.2523194341;5913381.084201826;53.3674032;-2.2842634;;intermediate;
;139;547610.5676926505;5913027.4603061015;53.364226;-2.2845223;;intermediate;
;140;547739.3160189732;5912904.755959819;53.3631115;-2.2826062;;intermediate;
;141;547955.2624957117;5912692.3263000315;53.3611826;-2.2793936;;intermediate;
;142;547996.6930105822;5912241.5516639;53.3571272;-2.2788395;;intermediate;
;143;548042.4843157157;5912195.697948837;53.3567109;-2.2781585;;intermediate;
;144;548395.1502334462;5911476.158968642;53.3502114;-2.2729702;;intermediate;
;145;549476.9644242205;5912870.731421767;53.3626459;-2.2565017;05L / 23R;runway;
;146;547088.2539930622;5910906.560164291;53.3452097;-2.2926865;05L / 23R;runway;
;147;547079.0733519918;5910899.104051214;53.3451435;-2.2928255;05L / 23R;runway;
;148;548422.8798011306;5912500.977366822;53.3594201;-2.2723968;;intermediate;
;149;547835.5204287096;5912307.960403259;53.3577387;-2.2812509;;intermediate;
;150;547774.5417765327;5912293.072683783;53.3576104;-2.2821693;;intermediate;
;151;547654.9510096314;5912303.976710417;53.3577192;-2.2839644;;intermediate;
;152;548023.8284152312;5912617.085640312;53.3605001;-2.2783748;;intermediate;
;153;548035.9986291134;5912649.617926799;53.3607914;-2.278187;;intermediate;
;154;548045.5412039675;5912658.971018662;53.3608746;-2.2780422;;intermediate;
;155;548063.3446099646;5912664.891949193;53.3609262;-2.2777738;;intermediate;
;156;548684.4810168939;5912512.183799379;53.3594968;-2.2684646;;intermediate;
;157;548700.8318953647;5912492.914646374;53.3593221;-2.2682219;;intermediate;
;158;548716.6902823575;5912485.990091744;53.3592584;-2.2679847;;intermediate;
;159;548732.1113470142;5912487.316418279;53.3592689;-2.2677528;;intermediate;
;160;548122.6775024537;5912257.467201989;53.3572588;-2.2769443;;intermediate;
;161;548164.1978596746;5912247.618775268;53.3571665;-2.276322;;intermediate;
;162;548039.1404796212;5912403.348168615;53.3585776;-2.2781772;;intermediate;
;163;547584.3160383671;5913421.2373050805;53.3677677;-2.2848575;;intermediate;
;164;547659.6702765791;5913498.849301888;53.3684585;-2.2837134;216;gate;
;165;547589.2096533169;5913416.324248487;53.3677231;-2.2847847;;intermediate;
;166;547665.3093217581;5913493.921550503;53.3684137;-2.2836294;216R;gate;
;167;547631.5901919642;5913373.981671082;53.3673387;-2.2841542;;intermediate;
;168;547704.4218848178;5913448.999034215;53.3680064;-2.2830484;215;gate;
;169;547667.0971974626;5913339.614396062;53.3670266;-2.2836258;;intermediate;
;170;547739.3340058922;5913412.245413522;53.3676729;-2.2825293;214L;gate;
;171;547672.4729606517;5913334.416991947;53.3669794;-2.2835458;;intermediate;
;172;547753.2684977113;5913414.877632609;53.3676953;-2.2823195;214;gate;
;173;547697.6858170626;5913310.004313775;53.3667577;-2.2831706;;intermediate;
;174;547769.8990277536;5913383.659123998;53.3674132;-2.2820743;213;gate;
;175;547733.4154778854;5913275.428369395;53.3664437;-2.2826389;;intermediate;
;176;547805.3733111804;5913349.993459976;53.3671074;-2.2815463;212L;gate;
;177;547739.9070064076;5913269.140802851;53.3663866;-2.2825423;;intermediate;
;178;547821.5139980767;5913352.948473322;53.3671325;-2.2813033;212;gate;
;179;547765.9402786699;5913243.946795582;53.3661578;-2.2821549;;intermediate;
;180;547834.2576687387;5913313.925290308;53.3667806;-2.2811177;211;gate;
;181;547799.1441680832;5913211.815853154;53.365866;-2.2816608;;intermediate;
;182;547869.247316966;5913284.204850195;53.3665103;-2.2805964;210L;gate;
;183;547807.195052762;5913204.008713961;53.3657951;-2.281541;;intermediate;
;184;547886.8749667904;5913285.561833071;53.3665209;-2.2803313;210;gate;
;185;547830.9978215002;5913180.9843802815;53.365586;-2.2811868;;intermediate;
;186;547903.2125801324;5913254.485458679;53.3662401;-2.2800905;209;gate;
;187;547864.1959327847;5913148.853823676;53.3652942;-2.2806928;;intermediate;
;188;547936.7531031775;5913222.714882152;53.3659515;-2.2795913;208L;gate;
;189;547873.0735577348;5913140.254069575;53.3652161;-2.2805607;;intermediate;
;190;547953.9581965073;5913222.443488194;53.3659475;-2.2793328;208;gate;
;191;547895.75472804;5913118.309073395;53.3650168;-2.2802232;;intermediate;
;192;547968.0858541374;5913191.489657937;53.365668;-2.2791252;207;gate;
;193;547922.1200639715;5913074.873035445;53.364624;-2.2798336;;intermediate;
;194;547998.7579848494;5913153.23761632;53.3653214;-2.2786701;206L;gate;
;195;547929.602226648;5913066.092422622;53.3645444;-2.2797225;;intermediate;
;196;548018.1213189856;5913157.394051236;53.365357;-2.2783785;206;gate;
;197;547954.1090936288;5913042.007722553;53.3643257;-2.2793579;;intermediate;
;198;548034.1845126655;5913123.96780723;53.3650551;-2.2781422;205;gate;
;199;547983.9942450741;5913012.570350898;53.3640584;-2.2789133;;intermediate;
;200;548064.6103709497;5913095.682357737;53.3647981;-2.2776893;204L;gate;
;201;547994.9045287163;5913001.755074128;53.3639602;-2.278751;;intermediate;
;202;548085.4919756192;5913095.159359308;53.3647915;-2.2773756;204;gate;
;203;548016.879868194;5912979.9703977415;53.3637624;-2.2784241;;intermediate;
;204;548102.2380366405;5913067.314248297;53.3645397;-2.2771282;203;gate;
;205;548052.2957340112;5912947.284998802;53.3634654;-2.2778969;;intermediate;
;206;548131.8867092581;5913028.451891679;53.3641877;-2.2766886;202L;gate;
;207;548065.359469723;5912944.012662235;53.3634348;-2.2777011;;intermediate;
;208;548150.0919196091;5913030.694622029;53.3642062;-2.2764147;202;gate;
;209;548136.4299761101;5912926.185557313;53.3632681;-2.2766359;;intermediate;
;210;548159.0597132423;5913016.555683621;53.3640783;-2.2762821;201;gate;
;211;548166.1166803015;5912814.094134777;53.3622579;-2.2762069;22;gate;
;212;548139.5591279371;5912925.405081454;53.3632608;-2.276589;;intermediate;
;213;548114.6658751012;5912825.165868878;53.3623621;-2.2769783;24;gate;
;214;548088.9717552289;5912938.087931319;53.3633794;-2.2773472;;intermediate;
;215;548061.8207785261;5912830.672307682;53.3624164;-2.2777715;26;gate;
;216;548039.37973609;5912957.668214161;53.3635599;-2.2780894;;intermediate;
;217;548016.186805909;5912865.479518846;53.3627334;-2.2784519;28;gate;
;218;547857.0987165179;5913005.149050828;53.3640032;-2.2808212;231;gate;
;219;547870.1098350588;5913143.128024149;53.3652422;-2.2806048;;intermediate;
;220;547798.5320373024;5913068.932982746;53.3645818;-2.2816916;233;gate;
;221;547835.1174216428;5913176.987214648;53.3655497;-2.2811255;;intermediate;
;222;547761.1621132486;5913100.977552127;53.3648732;-2.2822483;235;gate;
;223;547727.2598742539;5913139.643678541;53.3652238;-2.2827519;237;gate;
;224;547754.0257038627;5913255.475663042;53.3662625;-2.2823322;;intermediate;
;225;547684.1847215842;5913183.936590129;53.3656258;-2.2833925;239;gate;
;226;547717.32131803;5913290.998478801;53.3665851;-2.2828784;;intermediate;
;227;547650.7029240186;5913223.931431044;53.3659883;-2.2838896;241;gate;
;228;547686.665246133;5913320.674514939;53.3668546;-2.2833346;;intermediate;
;229;547621.0056921073;5913253.550751032;53.3662572;-2.2843314;243;gate;
;230;547289.4803216624;5913317.605366911;53.3668627;-2.2893037;;intermediate;
;231;547365.8309563476;5913396.034688105;53.3675608;-2.2881446;86L;gate;
;232;547311.8664923611;5913296.188730681;53.3666682;-2.2889705;;intermediate;
;233;547392.3314569094;5913378.431074165;53.3674002;-2.287749;86;gate;
;234;547321.0642154521;5913287.390887922;53.3665883;-2.2888336;;intermediate;
;235;547397.4563116072;5913365.665367026;53.367285;-2.2876739;86R;gate;
;236;547353.0383194311;5913256.791103233;53.3663104;-2.2883577;;intermediate;
;237;547429.005676466;5913334.283051823;53.3670001;-2.2872045;85L;gate;
;238;547372.5226968362;5913238.138379728;53.366141;-2.2880677;;intermediate;
;239;547452.7078538851;5913319.74478265;53.3668673;-2.2868505;85;gate;
;240;547383.3667380472;5913227.766093129;53.3660468;-2.2879063;;intermediate;
;241;547459.6376210168;5913304.849903946;53.3667328;-2.2867486;85R;gate;
;242;547269.8757173303;5913336.3684841;53.3670331;-2.2895955;;intermediate;
;243;547194.3333260936;5913258.048911769;53.3663359;-2.2907424;74R;gate;
;244;547280.9007377398;5913325.81975824;53.3669373;-2.2894314;;intermediate;
;245;547201.2618320815;5913243.876827838;53.3662079;-2.2906404;74;gate;
;246;547300.5725214056;5913307.001725782;53.3667664;-2.2891386;;intermediate;
;247;547224.4367277924;5913228.79815258;53.3660703;-2.2902944;74L;gate;
;248;547331.2631602582;5913277.623974118;53.3664996;-2.2886818;;intermediate;
;249;547253.8325961671;5913198.461347559;53.365795;-2.2898572;73R;gate;
;250;547341.7441619197;5913267.60400084;53.3664086;-2.2885258;;intermediate;
;251;547261.2800614343;5913184.995430443;53.3656733;-2.2897473;73;gate;
;252;547361.7793994731;5913248.422689083;53.3662344;-2.2882276;;intermediate;
;253;547284.2842001494;5913169.737330922;53.3655341;-2.2894039;73L;gate;
;254;547392.2893581972;5913219.221532911;53.3659692;-2.2877735;;intermediate;
;255;547315.4534791426;5913140.486617978;53.3652684;-2.2889399;72R;gate;
;256;547403.5836337677;5913208.419879605;53.3658711;-2.2876054;;intermediate;
;257;547322.9046423018;5913126.675934098;53.3651436;-2.28883;72;gate;
;258;547345.7297097031;5913111.405216622;53.3650043;-2.2884893;72L;gate;
;259;547469.0164627747;5913166.72870957;53.3654905;-2.2866284;;intermediate;
;260;547385.4774535308;5913081.528403757;53.3647322;-2.2878965;71R;gate;
;261;547483.4796949417;5913152.49880589;53.3653613;-2.2864132;;intermediate;
;262;547400.6078768615;5913067.794435754;53.3646074;-2.2876712;71;gate;
;263;547497.8556200096;5913138.357078145;53.3652329;-2.2861993;;intermediate;
;264;547420.5080872423;5913058.914431896;53.3645258;-2.2873735;71L;gate;
;265;547527.3336085338;5913109.357841935;53.3649696;-2.2857607;;intermediate;
;266;547443.1788675835;5913023.171305771;53.3642025;-2.2870382;70R;gate;
;267;547541.978743637;5913094.940794524;53.3648387;-2.2855428;;intermediate;
;268;547459.1978732903;5913009.791290722;53.3640808;-2.2867995;70;gate;
;269;547556.0861747647;5913081.063569521;53.3647127;-2.2853329;;intermediate;
;270;547474.1526269196;5912995.699773705;53.3639528;-2.2865769;70L;gate;
;271;547585.3767692031;5913052.240820844;53.364451;-2.2848971;;intermediate;
;272;547503.8894971312;5912967.504025853;53.3636967;-2.2861343;69R;gate;
;273;547600.0287975675;5913037.83514293;53.3643202;-2.2846791;;intermediate;
;274;547528.6312067279;5912963.679451814;53.3636601;-2.2857631;69;gate;
;275;547614.6327735295;5913023.584787756;53.3641908;-2.2844618;;intermediate;
;276;547539.9712342558;5912945.735855587;53.3634978;-2.2855954;69L;gate;
;277;547643.9149263625;5912995.674616618;53.3639373;-2.284026;;intermediate;
;278;547563.2050034653;5912911.73453224;53.3631901;-2.2852514;68R;gate;
;279;547659.154114473;5912981.152621794;53.3638054;-2.2837992;;intermediate;
;280;547576.9231175925;5912896.9189055;53.3630557;-2.2850475;68;gate;
;281;547673.9365453665;5912967.059994972;53.3636774;-2.2835792;;intermediate;
;282;547595.069617786;5912885.16274711;53.3629484;-2.2847766;68L;gate;
;283;547703.7837228932;5912938.621818866;53.3634191;-2.283135;;intermediate;
;284;547621.2700973053;5912853.372061276;53.3626603;-2.2843877;67R;gate;
;285;547718.5664173507;5912924.529330337;53.3632911;-2.282915;;intermediate;
;286;547635.3323270192;5912839.450106075;53.3625339;-2.2841785;67;gate;
;287;547733.8127143063;5912910.00764084;53.3631592;-2.2826881;;intermediate;
;288;547654.7088248455;5912829.842641828;53.3624458;-2.2838888;67L;gate;
;289;547762.8264469581;5912881.795094189;53.362903;-2.2822564;;intermediate;
;290;547680.0325770132;5912796.619385671;53.3621449;-2.2835133;66R;gate;
;291;547776.9879385139;5912867.963556094;53.3627774;-2.2820457;;intermediate;
;292;547693.9190438285;5912782.339812772;53.3620153;-2.2833068;66;gate;
;293;547792.7693649619;5912852.546248161;53.3626374;-2.2818109;;intermediate;
;294;547710.119238262;5912768.96244374;53.3618936;-2.2830654;66L;gate;
;295;547822.7999429458;5912823.220588559;53.3623711;-2.2813641;;intermediate;
;296;547743.5894029761;5912742.407754363;53.3616519;-2.2825665;65R;gate;
;297;547843.0983526994;5912803.398616525;53.3621911;-2.2810621;;intermediate;
;298;547762.0760567769;5912722.7341202535;53.3614734;-2.2822917;65;gate;
;299;547772.2959490572;5912718.375443357;53.3614333;-2.2821388;65L;gate;
;300;547490.9465724695;5913145.152581652;53.3652946;-2.2863021;;intermediate;
;301;547567.1608579793;5913222.537943919;53.3659833;-2.2851452;84L;gate;
;302;547505.503983076;5913130.834679069;53.3651646;-2.2860855;;intermediate;
;303;547581.9356251037;5913208.444964769;53.3658553;-2.2849253;84;gate;
;304;547520.2430346624;5913116.3294995185;53.3650329;-2.2858662;;intermediate;
;305;547597.943717765;5913196.13337805;53.3657432;-2.2846866;84R;gate;
;306;547549.1769614378;5913087.858988679;53.3647744;-2.2854357;;intermediate;
;307;547626.2798176993;5913164.898162738;53.3654599;-2.2842655;83L;gate;
;308;547563.5532757252;5913073.717458949;53.364646;-2.2852218;;intermediate;
;309;547640.339379094;5913151.154214664;53.3653351;-2.2840563;83;gate;
;310;547578.5615229628;5913058.948133609;53.3645119;-2.2849985;;intermediate;
;311;547657.2531518725;5913138.150984335;53.3652167;-2.2838041;83R;gate;
;312;547607.8523887458;5913030.125522952;53.3642502;-2.2845627;;intermediate;
;313;547684.8636954284;5913108.332925397;53.3649462;-2.2833937;82L;gate;
;314;547622.9578252048;5913015.6465773685;53.3641187;-2.2843379;;intermediate;
;315;547700.3441246329;5913094.9483098155;53.3648245;-2.2831631;82;gate;
;316;547637.7466966477;5913001.553905102;53.3639907;-2.2841178;;intermediate;
;317;547715.4772194171;5913081.037345764;53.3646981;-2.2829378;82R;gate;
;318;547681.7308516821;5912959.639468917;53.36361;-2.2834632;;intermediate;
;319;547757.1558454109;5913036.764045126;53.3642964;-2.2823182;81;gate;
;320;548376.7107915308;5912333.4429242555;53.3579185;-2.2731161;;intermediate;
;321;547978.6903037839;5913017.834890707;53.3641062;-2.2789922;;intermediate;
;322;547884.7618501037;5912921.450715306;53.3632484;-2.2804182;;intermediate;
;323;547856.6787226372;5912826.165121043;53.3623945;-2.2808546;;intermediate;
;324;547850.4582875249;5912796.207627444;53.3621258;-2.2809526;;intermediate;
;325;547667.2105731281;5912973.467684653;53.3637356;-2.2836793;;intermediate;
;326;547741.6926774122;5913049.058331463;53.3644083;-2.2825487;81L;gate;
;327;547697.1315388739;5912944.963453646;53.3634767;-2.283234;;intermediate;
;328;547773.811833175;5913023.658497868;53.3641771;-2.2820699;81R;gate;
;329;547909.3300861543;5912948.0886353785;53.3634856;-2.280045;;intermediate;
;330;547987.8537906903;5912861.0544994455;53.3626962;-2.2788783;32;gate;
;331;547854.9077023558;5912817.64722313;53.3623181;-2.2808825;;intermediate;
;332;547971.5200981178;5912825.643221534;53.3623794;-2.2791291;31;gate;
;333;547937.3667499379;5912710.069279737;53.3613437;-2.2796598;;intermediate;
;334;548009.3395547488;5912793.59368054;53.3620879;-2.2785657;29;gate;
;335;547981.5127376578;5912667.157870397;53.360954;-2.279003;;intermediate;
;336;548092.3170462317;5912657.5417138785;53.3608575;-2.2773396;;intermediate;
;337;548118.8464258361;5912758.687390501;53.3617642;-2.2769256;25;gate;
;338;548144.2835848863;5912644.349921987;53.3607342;-2.2765608;;intermediate;
;339;548172.240334119;5912751.6517842;53.3616961;-2.2761244;23;gate;
;340;548173.665846502;5912653.715195718;53.3608157;-2.2761179;;intermediate;
;341;548230.7852324233;5912706.630134563;53.3612861;-2.2752516;21;gate;
;342;548248.9332272023;5912648.426468805;53.3607613;-2.2749878;2;gate;
;343;548168.3050208999;5912605.441885515;53.3603823;-2.2762058;;intermediate;
;344;548254.2184172982;5912597.234958773;53.3603007;-2.2749162;4;gate;
;345;548163.2293014328;5912548.07062113;53.3598671;-2.2762908;;intermediate;
;346;548250.6851981704;5912539.467597204;53.3597818;-2.2749781;6;gate;
;347;548029.1066967808;5912569.632097141;53.3600731;-2.2783027;;intermediate;
;348;548110.2177474683;5912561.819053367;53.3599955;-2.2770852;100;gate;
;349;548158.4043162242;5912493.527847899;53.3593773;-2.2763716;;intermediate;
;350;548241.040905446;5912486.388893587;53.3593056;-2.2751311;8;gate;
;351;548153.614851009;5912439.40822388;53.3588913;-2.2764518;;intermediate;
;352;548245.5005113843;5912431.294994836;53.35881;-2.2750725;10;gate;
;353;548023.2712830149;5912506.256563168;53.359504;-2.2784;;intermediate;
;354;548042.9479683945;5912505.35401164;53.3594941;-2.2781045;;intermediate;
;355;548099.1361592961;5912457.269577138;53.3590568;-2.2772676;101;gate;
;356;548148.2765554566;5912379.008134736;53.3583489;-2.2765412;;intermediate;
;357;548238.0890858481;5912371.318770062;53.3582716;-2.275193;12L;gate;
;358;548154.3158264817;5912273.018815433;53.3573957;-2.2764666;;intermediate;
;359;548260.5292500509;5912359.8645836385;53.3581666;-2.2748576;12;gate;
;360;548160.2272566776;5912257.8253367515;53.3572586;-2.2763801;;intermediate;
;361;548264.8068963627;5912344.343116947;53.3580267;-2.2747957;12R;gate;
;362;547883.3577482608;5912763.606891508;53.3618298;-2.2804632;;intermediate;
;363;547805.5614906123;5912681.138424261;53.3610956;-2.2816446;64R;gate;
;364;547897.6027112135;5912749.487276525;53.3617016;-2.2802513;;intermediate;
;365;547816.1261036742;5912665.023412198;53.3609498;-2.2814883;64;gate;
;366;547909.7772512523;5912737.416213164;53.361592;-2.2800702;;intermediate;
;367;547829.664510936;5912655.647170706;53.3608643;-2.2812863;64L;gate;
;368;547853.6403604173;5912625.626583557;53.3605923;-2.2809306;63R;gate;
;369;547949.8037200847;5912697.733946448;53.3612317;-2.2794748;;intermediate;
;370;547866.350605254;5912611.268902656;53.3604621;-2.2807418;63;gate;
;371;547963.5219195419;5912684.410261558;53.3611107;-2.2792707;;intermediate;
;372;547880.9804691256;5912600.602088574;53.3603649;-2.2805236;63L;gate;
;373;547995.4511265927;5912682.12924518;53.3610873;-2.2787913;;intermediate;
;374;548083.4277963712;5912772.391770967;53.3618906;-2.2774557;27;gate;
;375;547990.6662123392;5912658.371973025;53.3608742;-2.2788668;;intermediate;
;376;547917.1284351174;5912585.256938477;53.3602237;-2.2799828;62R;gate;
;377;548024.6420487347;5912611.653378586;53.3604512;-2.2783634;;intermediate;
;378;547919.5108883266;5912585.280963902;53.3602237;-2.279947;62;gate;
;379;548027.8328827573;5912590.3019644115;53.360259;-2.2783187;;intermediate;
;380;547961.2264753298;5912575.544036608;53.3601324;-2.2793217;62L;gate;
;381;548015.3419120389;5912513.085515102;53.3595661;-2.2785181;;intermediate;
;382;547914.0912112612;5912520.7972044;53.3596446;-2.2800382;61;gate;
;383;547996.2653428052;5912534.309830925;53.3597586;-2.2788015;;intermediate;
;384;547914.5494521762;5912540.038212995;53.3598175;-2.2800284;61R;gate;
;385;548019.434628646;5912460.446523218;53.3590926;-2.2784646;;intermediate;
;386;547922.2033911524;5912468.766088126;53.3591762;-2.2799242;60R;gate;
;387;548017.6415256256;5912438.977990931;53.3588998;-2.2784948;;intermediate;
;388;547908.9696043797;5912448.517328929;53.3589954;-2.2801261;60;gate;
;389;547918.0089531271;5912433.254965234;53.3588574;-2.2799926;60L;gate;
;390;548372.4194075741;5912373.162650076;53.3582759;-2.2731745;;intermediate;
;391;548299.8202485516;5912389.869368595;53.3584327;-2.2742627;15;gate;
;392;548371.064607604;5912440.871270089;53.3588846;-2.2731845;;intermediate;
;393;548293.9649391368;5912447.97524083;53.3589555;-2.2743418;11;gate;
;394;548370.1122809722;5912488.657781518;53.3593142;-2.2731915;;intermediate;
;395;548297.9622710455;5912494.743989929;53.3593755;-2.2742746;9;gate;
;396;548369.1200662394;5912538.402021876;53.3597614;-2.2731988;;intermediate;
;397;548299.4278309583;5912545.036125057;53.3598274;-2.2742449;7;gate;
;398;548305.6132186466;5912583.438318492;53.360172;-2.2741461;5;gate;
;399;548367.8640676553;5912595.753592664;53.360277;-2.2732089;;intermediate;
;400;548308.1641101051;5912656.582656923;53.3608292;-2.2740966;1;gate;
;401;548377.5929345296;5912609.63743505;53.3604009;-2.2730606;;intermediate;
;402;548378.8250843959;5912618.049920268;53.3604764;-2.2730408;;intermediate;
;403;548376.9515402283;5912672.636023739;53.3609672;-2.2730606;16;gate;
;404;548420.2240098479;5912610.07165553;53.3604009;-2.27242;;intermediate;
;405;548414.7147198641;5912672.6312442655;53.3609637;-2.2724932;17;gate;
;406;548471.3499345199;5912667.690268581;53.3609141;-2.271643;18;gate;
;407;548420.4549437722;5912595.899802845;53.3602735;-2.2724187;;intermediate;
;408;548507.2912138404;5912627.1031391;53.360546;-2.2711092;41;gate;
;409;548421.0967088019;5912565.57754809;53.3600009;-2.2724137;;intermediate;
;410;548504.0809659014;5912567.992618551;53.360015;-2.2711665;42;gate;
;411;548422.6794438619;5912508.229313301;53.3594853;-2.2723987;;intermediate;
;412;548515.9825747982;5912510.49384599;53.3594971;-2.2709965;43;gate;
;413;548432.577850907;5912436.914010607;53.3588434;-2.2722609;;intermediate;
;414;548509.6469328827;5912473.92557294;53.359169;-2.2710973;44L;gate;
;415;548437.2948304602;5912405.765491757;53.358563;-2.2721948;;intermediate;
;416;548527.2734543965;5912474.372562073;53.3591714;-2.2708324;44;gate;
;417;548469.5531947743;5912354.459810869;53.3580989;-2.271718;;intermediate;
;418;548518.6319866204;5912444.6119432105;53.3589047;-2.2709668;44R;gate;
;419;548550.3116021105;5912461.090096143;53.3590499;-2.2704883;47;gate;
;420;548685.630531884;5912475.992359271;53.3591714;-2.2684529;;intermediate;
;421;548570.4412295606;5912486.885034628;53.3592799;-2.2701819;48;gate;
;422;548684.6662731612;5912506.444806012;53.3594452;-2.2684627;;intermediate;
;423;548573.8981690366;5912547.833876044;53.3598274;-2.2701206;49;gate;
;424;548684.4311170945;5912530.6965505965;53.3596632;-2.2684625;;intermediate;
;425;548618.8241401184;5912593.98681322;53.3602381;-2.2694385;50;gate;
;426;548707.7239356478;5912564.012135479;53.3599605;-2.2681074;;intermediate;
;427;548648.8460655876;5912621.429811222;53.360482;-2.2689832;51;gate;
;428;548748.7016883591;5912597.843013034;53.3602608;-2.2674865;;intermediate;
;429;548701.6228537154;5912684.586228625;53.3610448;-2.2681805;53;gate;
;430;548723.0417096803;5912576.685654154;53.360073;-2.2678753;;intermediate;
;431;548671.9674216465;5912650.671444823;53.3607427;-2.2686313;52;gate;
;432;548791.8573623992;5912633.409985742;53.3605765;-2.2668326;;intermediate;
;433;548731.3908732195;5912720.460495087;53.3613645;-2.2677277;54;gate;
;434;548845.4355762367;5912664.3782922365;53.3608499;-2.2660228;;intermediate;
;435;548782.8685808572;5912756.301904639;53.3616819;-2.2669487;55;gate;
;436;548896.8876776061;5912703.981184639;53.3612011;-2.2652436;;intermediate;
;437;548848.864772448;5912761.975405078;53.3617268;-2.2659562;56;gate;
;438;548930.7486902999;5912731.955047182;53.3614494;-2.2647305;;intermediate;
;439;548885.7186496292;5912786.897882962;53.3619474;-2.2653986;57;gate;
;440;548964.3190208954;5912759.681396036;53.3616955;-2.2642218;;intermediate;
;441;548917.7733609538;5912817.022606535;53.3622152;-2.2649123;58;gate;
;442;545837.7154977897;5909523.218100286;53.3328857;-2.3116696;;intermediate;
;443;545825.2288958766;5909543.212878107;53.3330665;-2.3118542;;intermediate;
;444;545836.4523451327;5909603.154526736;53.3336043;-2.311677;;intermediate;
;445;545962.9099195232;5909695.126465231;53.33442;-2.3097648;;intermediate;
;446;546001.3156099076;5909689.612311399;53.3343671;-2.3091889;;intermediate;
;447;546668.4470914531;5910048.393686705;53.3375335;-2.2991184;05R / 23L;runway;
;448;547546.7471838093;5910833.655114516;53.3445134;-2.285811;;intermediate;
;449;547660.4065416881;5911118.531698154;53.3470637;-2.284061;;intermediate;
;450;547674.6630984901;5911134.206118689;53.3472033;-2.2838445;;intermediate;
;451;547696.6120256996;5911154.230023126;53.3473813;-2.2835118;;intermediate;
;452;547786.9174590635;5911042.74507912;53.3463711;-2.2821722;;intermediate;
;453;548127.8942335863;5911486.529403693;53.350329;-2.2769832;;intermediate;
;454;548160.5361075837;5911414.709707698;53.3496805;-2.2765038;;intermediate;
;455;548196.5776243916;5911446.950189068;53.349967;-2.2759575;;intermediate;
;456;548272.5618732135;5911527.659547343;53.3506855;-2.2748038;;intermediate;
;457;545899.2820585982;5909417.261877863;53.331928;-2.3107605;05R / 23L;runway;
;458;548793.8579201805;5912059.341326161;53.3554165;-2.2668911;;intermediate;
;459;548827.8110359034;5912102.835720862;53.3558043;-2.2663743;;intermediate;
;460;548801.7805240498;5912245.222809213;53.3570865;-2.2667434;;intermediate;
;461;548699.4648125671;5912369.126581502;53.3582096;-2.2682615;;intermediate;
;462;545892.9013160343;5909458.042407656;53.3322951;-2.3108504;;intermediate;
;463;546159.9620845726;5909631.727418261;53.333833;-2.3068151;05R / 23L;runway;
;464;547619.6540598421;5911014.298338156;53.3461305;-2.2846888;;intermediate;
;465;547241.4541989737;5911030.985336972;53.3463144;-2.2903669;05L / 23R;runway;
;466;545886.2230678431;5909642.88556302;53.3339571;-2.3109239;;intermediate;
;467;547690.828892498;5911677.547332127;53.3520855;-2.2835198;;intermediate;
;468;547747.8516876485;5911729.865488726;53.3525506;-2.2826553;;intermediate;
;469;547037.9231990922;5911054.3115248885;53.3465422;-2.2934205;;intermediate;
;470;547042.2041578711;5911070.452732806;53.3466869;-2.2933538;;intermediate;
;471;548372.8664141162;5912350.82670547;53.3580751;-2.2731712;;intermediate;
;472;548368.34848026;5912576.933757696;53.3601078;-2.2732045;;intermediate;
;473;548420.7276411294;5912578.935812797;53.360121;-2.2724172;;intermediate;
;474;548836.0230865729;5912658.7075349465;53.3607998;-2.2661651;;intermediate;
;475;548696.9928507344;5912555.135051245;53.3598817;-2.26827;;intermediate;
;476;548684.0276319173;5912526.553634491;53.359626;-2.2684692;;intermediate;
;477;548153.3716829232;5912642.049977566;53.3607127;-2.2764246;;intermediate;
;478;548164.4071555332;5912634.106786731;53.3606403;-2.27626;;intermediate;
;479;548169.5887615744;5912619.96286556;53.3605127;-2.2761843;;intermediate;
;480;547915.3383372225;5913084.150256377;53.364708;-2.2799341;;intermediate;
;481;547565.1917096553;5913440.471309841;53.3679423;-2.285142;;intermediate;
;482;548190.5467216959;5912912.660070932;53.3631416;-2.2758248;;intermediate;
;483;548049.0131107465;5912948.108482607;53.3634731;-2.2779461;;intermediate;
;484;547413.6197501179;5911170.83577272;53.347556;-2.28776;05L / 23R;runway;
;485;549293.6135323766;5912721.197616444;53.361319;-2.25928;05L / 23R;runway;
;486;548143.0945617815;5911959.515512868;53.3545789;-2.2766829;;intermediate;
;487;547831.4503556842;5912002.084491198;53.3549898;-2.2813583;;intermediate;
;488;547267.7257897303;5913338.42760196;53.3670518;-2.2896275;;intermediate;
;489;547853.9707331005;5912695.25473233;53.3612181;-2.2809151;;intermediate;
;490;548004.2639247178;5912210.28695646;53.3568455;-2.2787305;;intermediate;
;491;548458.3685017347;5911836.397906725;53.3534435;-2.2719654;;intermediate;
;492;548025.0293348673;5912195.299011078;53.3567089;-2.2784208;;intermediate;
;493;548023.1031558427;5912504.45249514;53.3594878;-2.2784028;;intermediate;
;494;547866.0122794207;5912679.210331956;53.3610728;-2.2807366;;intermediate;
;495;547852.6946751269;5912719.529352542;53.3614364;-2.2809306;;intermediate;
;496;547867.5599604972;5912779.268506971;53.361972;-2.2806982;;intermediate;
;497;547994.5271481248;5912212.8142854;53.3568691;-2.2788764;;intermediate;
;498;548728.4798420419;5912581.180596675;53.3601129;-2.2677929;;intermediate;
;499;548757.7351379674;5912546.423417392;53.3597978;-2.2673587;;intermediate;
;500;547431.5213795109;5913196.949960456;53.3657655;-2.2871873;;intermediate;
;501;547410.4905774308;5913201.813368067;53.3658111;-2.2875026;;intermediate;
;502;548875.6204295036;5912598.167714025;53.360252;-2.2655795;;intermediate;
;503;547803.572253166;5912247.7046559;53.3572;-2.28174;ALIV;gate;
;504;547597.8626117377;5912317.957007755;53.35785;-2.28482;ETB;gate;
;505;547710.3841640676;5912255.421521177;53.35727777777778;-2.283138888888889;FBE;gate;
;506;547710.3841640676;5912255.421521177;53.35727777777778;-2.283138888888889;MON;gate;
;507;547811.0169944268;5912103.145180985;53.3559;-2.28165;OCS;gate;
;508;547802.1958349178;5912384.537199917;53.35843;-2.28174;TAT;gate;
;509;547802.1958349178;5912384.537199917;53.35843;-2.28174;TCX;gate;
;510;547170.0082762712;5911210.328357918;53.34793275;-2.291413300000002;;intermediate;
;511;547346.2484473559;5911372.407082438;53.349373799999995;-2.288741799999997;;intermediate;
;512;547485.5573912469;5911508.98682676;53.350588916666666;-2.2866287166666694;;intermediate;
;513;547526.6128571279;5911542.698208902;53.350888233333336;-2.2860069333333257;;intermediate;
;514;547567.6677401979;5911576.409950513;53.351187550000006;-2.285385149999996;;intermediate;
;515;547608.7220404538;5911610.122051591;53.351486866666676;-2.2847633666666525;;intermediate;
;516;547649.7757578896;5911643.8345121285;53.351786183333346;-2.2841415833333087;;intermediate;
;517;547801.341801799;5911834.146701658;53.35348306666667;-2.281836;;intermediate;
;518;547809.7805283507;5911894.55149865;53.35402523333334;-2.2817001;;intermediate;
;519;548111.6687668428;5911998.540643995;53.354932525;-2.277149074999997;;intermediate;
;520;548159.4627105698;5912038.679591114;53.35528895;-2.276424950000006;;intermediate;
;521;548207.2558459654;5912078.819025725;53.355645375;-2.2757008250000013;;intermediate;
;522;548298.7267482767;5912154.7852725;53.356319825;-2.274315025000007;;intermediate;
;523;548342.4046644638;5912190.612004177;53.35663785;-2.2736533500000036;;intermediate;
;524;548386.081921574;5912226.43914285;53.356955875;-2.2729916750000143;;intermediate;
;525;547571.0501088763;5910893.869389384;53.34505243333333;-2.2854369333333366;;intermediate;
;526;547595.3524008895;5910954.083797264;53.34559146666666;-2.285062866666671;;intermediate;
;527;547735.7150387577;5911186.143838048;53.34766462;-2.282919640000003;;intermediate;
;528;547774.8175264458;5911218.057979;53.347947940000005;-2.282327479999992;;intermediate;
;529;547813.9194887581;5911249.9724459825;53.348231260000006;-2.2817353199999957;;intermediate;
;530;547853.020925692;5911281.887238988;53.34851458000001;-2.281143159999985;;intermediate;
;531;547763.4413610444;5910989.161438609;53.3458916;-2.2825328999999996;;intermediate;
;532;547807.9593231773;5911096.956334579;53.34685646;-2.2818479599999932;;intermediate;
;533;547829.0006930565;5911151.1676902;53.34734182;-2.2815237199999956;;intermediate;
;534;547850.0415686967;5911205.379145981;53.347827179999996;-2.281199479999998;;intermediate;
;535;547871.081950093;5911259.590701918;53.348312539999995;-2.2808752400000003;;intermediate;
;536;547977.2149616056;5912020.47223681;53.35514186666666;-2.2791656666666658;;intermediate;
;537;547983.4067553539;5912083.847537195;53.35571093333333;-2.2790630333333333;;intermediate;
;538;547587.9170441236;5913343.41772056;53.36706792;-2.284815100000003;;intermediate;
;539;547551.5811894216;5913305.751522477;53.366732639999995;-2.2853668000000056;;intermediate;
;540;547515.2447553329;5913268.085607585;53.36639735999999;-2.285918500000008;;intermediate;
;541;547478.9077418626;5913230.419975881;53.36606207999999;-2.2864702000000108;;intermediate;
;542;547774.5215515787;5912940.6342877345;53.3634308;-2.2820717800000097;;intermediate;
;543;547809.7265497115;5912976.512881351;53.363750100000004;-2.2815373600000015;;intermediate;
;544;547844.9310133662;5913012.391740666;53.364069400000005;-2.2810029399999934;;intermediate;
;545;547880.1349425375;5913048.270865676;53.364388700000006;-2.2804685199999994;;intermediate;
;546;546051.5559690233;5909636.929177023;53.3338892;-2.3084421500000047;;intermediate;
;547;548813.3833887187;5912264.211261365;53.3572561;-2.266566150000001;;intermediate;
;548;547828.5279746166;5911810.412387218;53.35326728;-2.2814311800000127;;intermediate;
;549;547864.1525552787;5911847.083120201;53.353593659999994;-2.280890460000009;;intermediate;
;550;547899.7765832383;5911883.754125228;53.35392003999999;-2.2803497400000197;;intermediate;
;551;547935.4000584928;5911920.425402296;53.35424641999999;-2.279809020000016;;intermediate;
;552;548008.9560272284;5911995.524388481;53.35491475;-2.2786925999999994;;intermediate;
;553;548046.8884568755;5912033.952133898;53.3552567;-2.2781169000000006;;intermediate;
;554;548084.8202699733;5912072.380187654;53.35559865;-2.2775412000000017;;intermediate;
;555;548122.7514665165;5912110.808549743;53.3559406;-2.276965500000003;;intermediate;
;556;548160.6820464999;5912149.237220164;53.356282549999996;-2.276389800000004;;intermediate;
;557;548243.1377304475;5912224.109745858;53.356948;-2.275139600000003;;intermediate;
;558;548287.6627675637;5912260.553715736;53.3572715;-2.2744651000000005;;intermediate;
;559;548332.1871212603;5912296.998108536;53.357595;-2.273790599999998;;intermediate;
;560;547945.9169345242;5912111.61354787;53.3559639;-2.279622049999986;;intermediate;
;561;548002.27822537;5912294.62959278;53.35760376666667;-2.2787475333333322;;intermediate;
;562;548007.8633001911;5912347.707533126;53.35808033333334;-2.278655566666666;;intermediate;
;563;548085.5242187376;5912361.984534361;53.3582016;-2.277486600000003;;intermediate;
;564;548296.4433740781;5912068.301181386;53.3555427;-2.2743625333333313;;intermediate;
;565;548337.8394490313;5912017.643774424;53.3550836;-2.2737483666666662;;intermediate;
;566;547952.8467790302;5912582.609602619;53.36019666666667;-2.279446533333328;;intermediate;
;567;547909.4290912318;5912630.909769633;53.360634733333335;-2.2800915666666697;;intermediate;
;568;548822.7530582139;5912557.554781995;53.35989185;-2.2663801000000063;;intermediate;
;569;548927.2183209222;5912640.464859186;53.3606274;-2.2647977000000026;;intermediate;
;570;548978.8152930115;5912682.76257246;53.361002799999994;-2.264015900000018;;intermediate;
;571;548414.0745058497;5911921.419994099;53.354211750000005;-2.272617800000006;;intermediate;
;572;548795.2299827168;5912367.021547808;53.358181849999994;-2.266823024999999;;intermediate;
;573;548786.7814189788;5912416.995162684;53.3586318;-2.2669422499999996;;intermediate;
;574;548778.3330193097;5912466.968795311;53.35908175;-2.267061475000002;;intermediate;
;575;547931.8536992068;5911346.077967843;53.349084399999995;-2.2799492999999984;;intermediate;
;576;548013.3028775551;5911412.288528696;53.349672125;-2.2787158000000005;;intermediate;
;577;548055.0201377885;5911446.223514234;53.34997335;-2.2780839999999927;;intermediate;
;578;548096.7368020163;5911480.158870882;53.350274575;-2.277452199999999;;intermediate;
;579;548182.3483258707;5911548.050012853;53.350877;-2.276155850000009;;intermediate;
;580;548271.2624019961;5911621.400628069;53.35152818;-2.274809019999992;;intermediate;
;581;548316.2809015578;5911660.795851367;53.351878160000005;-2.2741267399999856;;intermediate;
;582;548361.2986533005;5911700.191507491;53.35222814000001;-2.273444459999979;;intermediate;
;583;548406.3156572172;5911739.58759644;53.35257812000001;-2.2727621799999724;;intermediate;
;584;548496.5026091076;5911815.828186416;53.35325512;-2.2713956799999835;;intermediate;
;585;548541.6726041244;5911852.672689833;53.35358214;-2.270711459999987;;intermediate;
;586;548586.8418983436;5911889.517628452;53.35390916;-2.2700272399999903;;intermediate;
;587;548632.0104917587;5911926.363002268;53.35423618;-2.2693430199999938;;intermediate;
;588;548716.0720879039;5911995.252660156;53.354847633333335;-2.2680695666666537;;intermediate;
;589;548754.9652665108;5912027.296831787;53.35513206666667;-2.2674803333333244;;intermediate;
;590;547499.0254535992;5911325.801437301;53.3489412;-2.286453899999998;;intermediate;
;591;547930.3654769876;5911428.530443538;53.34982563333333;-2.279959166666657;;intermediate;
;592;547889.1467945481;5911478.707329166;53.35028036666667;-2.2805707333333345;;intermediate;
;593;548595.3801250161;5912062.073267008;53.355459333333336;-2.2698724666666834;;intermediate;
;594;548636.2788333436;5912012.640863729;53.35501126666667;-2.2692656333333474;;intermediate;
;595;548194.1298931384;5911310.379399401;53.348739699999996;-2.2760150666666874;;intermediate;
;596;548238.4980360079;5911346.999137816;53.349064799999994;-2.275343033333357;;intermediate;
;597;548339.0084110248;5911429.888796212;53.34980065;-2.2738205999999934;;intermediate;
;598;548733.9524702976;5912328.554036378;53.357841750000006;-2.2677495999999877;;intermediate;
;599;548468.5466772901;5912215.381420812;53.35684893333333;-2.271754433333328;;intermediate;
;600;548507.3355930739;5912168.496468695;53.35642396666666;-2.2711788666666592;;intermediate;
;601;547509.7409290407;5911385.366460189;53.34947562;-2.2862839999999096;;intermediate;
;602;547562.5620755542;5911395.086721984;53.34955824;-2.2854890999999498;;intermediate;
;603;547615.3830147216;5911404.8075720165;53.34964086;-2.284694199999876;;intermediate;
;604;547668.2037465244;5911414.529010288;53.34972348;-2.2838992999999164;;intermediate;
;605;547850.5769284396;5911712.320450951;53.352383616666664;-2.2811147833333507;;intermediate;
;606;547904.6933200151;5911720.6887918245;53.35245393333333;-2.2803005666667104;;intermediate;
;607;547958.8095303475;5911729.057749971;53.352524249999995;-2.27948635000007;;intermediate;
;608;548012.9255594332;5911737.4273253875;53.35259456666666;-2.27867213333343;;intermediate;
;609;548067.0414072687;5911745.797518075;53.352664883333325;-2.2778579166667896;;intermediate;
;610;548048.8661402875;5911274.37469918;53.3484293;-2.278202533333342;;intermediate;
;611;548010.2251632004;5911326.364150007;53.3489001;-2.278775066666668;;intermediate;
;612;548135.4941372368;5911431.556293978;53.349834200000004;-2.276877400000002;;intermediate;
;613;548146.4276043508;5911325.171637474;53.348877;-2.27672935;;intermediate;
;614;548323.9936853037;5911551.520203623;53.35089526666666;-2.2740275666666747;;intermediate;
;615;548374.2124782132;5911592.480454727;53.351258833333326;-2.273266933333346;;intermediate;
;616;548278.3197108047;5911447.089888409;53.3499608;-2.2747296;;intermediate;
;617;548404.9105206563;5911528.586368314;53.35068173333333;-2.272815566666665;;intermediate;
;618;548414.6705778545;5911581.013793332;53.351152066666664;-2.2726609333333343;;intermediate;
;619;548437.8813792921;5911706.212656814;53.35227525;-2.272293099999999;;intermediate;
;620;547869.1536810719;5911955.669316043;53.3545692;-2.280798899999354;;intermediate;
;621;547920.0883346457;5911956.382860761;53.354571;-2.2800335999963863;;intermediate;
;622;547791.4858200839;5912297.209809035;53.35764605390921;-2.2819141061179664;;intermediate;
;623;547714.3177813583;5912298.564074716;53.35766519598487;-2.2830732823956543;;intermediate;
;624;547821.7141779134;5912304.590047654;53.357709655576684;-2.281458836479423;;intermediate;
%SECTION%1%;Edges;
%FIELDS%;edge_id;start_node;end_node;directed;length;specification;traversal_time;name;
%DESCRIPTION%;ID;node_id;node_id;0 for undirected, 1 for directed;[m];{gate,runway,taxiway,taxiwayrunway,other};[s];name;
;1;457;43;0;21.629414277118073;runway;21.629414277118073;05R / 23L;
;2;43;117;0;240.16323754069813;runway;240.16323754069813;05R / 23L;
;3;117;463;0;74.88575537515719;runway;74.88575537515719;05R / 23L;
;4;463;447;0;655.6642335839317;runway;655.6642335839317;05R / 23L;
;5;447;119;0;956.5166988521138;runway;956.5166988521138;05R / 23L;
;6;119;118;0;138.64914614443992;runway;138.64914614443992;05R / 23L;
;7;118;111;0;292.3182504431189;runway;292.3182504431189;05R / 23L;
;8;111;112;0;449.4209886277368;runway;449.4209886277368;05R / 23L;
;9;147;146;0;11.795371617031009;runway;11.795371617031009;05L / 23R;
;10;146;465;0;196.84046928484034;runway;196.84046928484034;05L / 23R;
;11;465;103;0;45.016019921330276;runway;45.016019921330276;05L / 23R;
;12;103;484;0;176.20611777822626;runway;176.20611777822626;05L / 23R;
;13;484;108;0;164.82237903159617;runway;164.82237903159617;05L / 23R;
;14;108;107;0;232.52321705015098;runway;232.52321705015098;05L / 23R;
;15;107;84;0;164.04550126520218;runway;164.04550126520218;05L / 23R;
;16;84;82;0;353.19648463884573;runway;353.19648463884573;05L / 23R;
;17;82;92;0;124.46456481143866;runway;124.46456481143866;05L / 23R;
;18;92;58;0;209.16524458939494;runway;209.16524458939494;05L / 23R;
;19;58;59;0;226.55209390430053;runway;226.55209390430053;05L / 23R;
;20;59;57;0;276.6183708956583;runway;276.6183708956583;05L / 23R;
;21;57;56;0;45.558787912061675;runway;45.558787912061675;05L / 23R;
;22;56;125;0;462.2547764604432;runway;462.2547764604432;05L / 23R;
;23;125;485;0;171.19051913294598;runway;171.19051913294598;05L / 23R;
;24;485;130;0;171.01145566603967;runway;171.01145566603967;05L / 23R;
;25;130;145;0;64.95915362436943;runway;64.95915362436943;05L / 23R;
;26;126;37;0;21.046044493827132;taxiway;21.046044493827132;;
;27;37;131;0;19.101912383901155;taxiway;19.101912383901155;;
;28;131;132;0;20.340554167557748;taxiway;20.340554167557748;;
;29;132;133;0;97.29321738257723;taxiway;97.29321738257723;;
;30;133;40;0;19.883636047667977;taxiway;19.883636047667977;;
;31;40;41;0;14.257869601137516;taxiway;14.257869601137516;;
;32;41;39;0;41.7791610363737;taxiway;41.7791610363737;;
;33;39;134;0;16.089013548512348;taxiway;16.089013548512348;;
;34;122;36;0;25.17614052656225;taxiway;25.17614052656225;;
;35;36;123;0;25.068121366846395;taxiway;25.068121366846395;;
;36;123;124;0;74.5625865045441;taxiway;74.5625865045441;;
;37;124;125;0;63.096922039213325;taxiway;63.096922039213325;;
;38;38;440;0;40.11812185241312;taxiway;40.11812185241312;;
;39;440;438;0;43.42537461150291;taxiway;43.42537461150291;;
;40;438;436;0;43.80610983413657;taxiway;43.80610983413657;;
;41;436;35;0;49.78946320068058;taxiway;49.78946320068058;;
;42;35;434;0;15.09020838569107;taxiway;15.09020838569107;;
;43;434;474;0;10.955892693772007;taxiway;10.955892693772007;;
;44;474;34;0;39.12611319296731;taxiway;39.12611319296731;;
;45;34;432;0;11.83840596750626;taxiway;11.83840596750626;;
;46;432;428;0;55.776030514033366;taxiway;55.776030514033366;;
;47;428;498;0;26.13321937418161;taxiway;26.13321937418161;;
;48;498;430;0;7.037125066943581;taxiway;7.037125066943581;;
;49;430;426;0;19.82878828473953;taxiway;19.82878828473953;;
;50;426;475;0;13.890471269208467;taxiway;13.890471269208467;;
;51;475;2;0;8.1875659371979;taxiway;8.1875659371979;;
;52;2;5;0;7.760915281619653;taxiway;7.760915281619653;;
;53;5;12;0;8.597247844128367;taxiway;8.597247844128367;;
;54;12;424;0;3.6101002112967358;taxiway;3.6101002112967358;;
;55;424;476;0;4.157053280980713;taxiway;4.157053280980713;;
;56;476;156;0;14.360084623830137;taxiway;14.360084623830137;;
;57;156;422;0;5.734812828347162;taxiway;5.734812828347162;;
;58;422;15;0;27.01951390467088;taxiway;27.01951390467088;;
;59;15;420;0;3.412731449973129;taxiway;3.412731449973129;;
;60;420;21;0;4.9241783259461895;taxiway;4.9241783259461895;;
;61;21;10;0;7.862309209559754;taxiway;7.862309209559754;;
;62;10;9;0;8.020976583555465;taxiway;8.020976583555465;;
;63;9;23;0;7.25750151683255;taxiway;7.25750151683255;;
;64;23;18;0;5.676445726809232;taxiway;5.676445726809232;;
;65;18;53;0;27.279094968339344;taxiway;27.279094968339344;;
;66;53;461;0;72.69979348101349;taxiway;72.69979348101349;;
;67;57;460;0;54.10868694237072;taxiway;54.10868694237072;;
;68;460;52;0;39.92290963384586;taxiway;39.92290963384586;;
;69;320;29;0;9.536810112312498;taxiway;9.536810112312498;;
;70;29;48;0;79.12450700535352;taxiway;79.12450700535352;;
;71;55;59;0;13.085366625010128;taxiway;13.085366625010128;;
;72;86;453;0;29.473698317602025;taxiway;29.473698317602025;;
;73;87;454;0;41.85901000869965;taxiway;41.85901000869965;;
;74;454;455;0;48.23486308130762;taxiway;48.23486308130762;;
;75;455;88;0;99.7646326241353;taxiway;99.7646326241353;;
;76;88;456;0;17.12158064735481;taxiway;17.12158064735481;;
;77;456;89;0;71.25234596730989;taxiway;71.25234596730989;;
;78;105;106;0;74.90726641466033;taxiway;74.90726641466033;;
;79;103;102;0;61.18222400721574;taxiway;61.18222400721574;;
;80;102;101;0;47.74450798291133;taxiway;47.74450798291133;;
;81;101;100;0;48.91332314775372;taxiway;48.91332314775372;;
;82;100;99;0;55.924213233764505;taxiway;55.924213233764505;;
;83;45;62;0;92.5281956684366;taxiway;92.5281956684366;;
;84;62;63;0;49.8091635123225;taxiway;49.8091635123225;;
;85;63;486;0;29.136002503046953;taxiway;29.136002503046953;;
;86;146;93;0;53.716946427825555;taxiway;53.716946427825555;;
;87;93;94;0;49.71655848313885;taxiway;49.71655848313885;;
;88;94;95;0;44.148716435955315;taxiway;44.148716435955315;;
;89;95;469;0;13.604693880077894;taxiway;13.604693880077894;;
;90;469;470;0;16.676317726958782;taxiway;16.676317726958782;;
;91;470;96;0;26.28911697404645;taxiway;26.28911697404645;;
;92;96;97;0;37.809050909969926;taxiway;37.809050909969926;;
;93;97;98;0;58.379408691201625;taxiway;58.379408691201625;;
;94;99;104;0;98.6589279234887;taxiway;98.6589279234887;;
;95;105;73;0;70.56258657940656;taxiway;70.56258657940656;;
;96;467;468;0;77.19343582474214;taxiway;77.19343582474214;;
;97;468;74;0;62.733696549460596;taxiway;62.733696549460596;;
;98;48;54;0;78.4521058584763;taxiway;78.4521058584763;;
;99;118;448;0;90.63012758492481;taxiway;90.63012758492481;;
;100;464;109;0;80.60082821700537;taxiway;80.60082821700537;;
;101;109;449;0;31.186414630154303;taxiway;31.186414630154303;;
;102;449;450;0;21.139494741935156;taxiway;21.139494741935156;;
;103;450;451;0;29.635865066253977;taxiway;29.635865066253977;;
;104;72;143;0;71.56115980524933;taxiway;71.56115980524933;;
;105;143;71;0;83.11859934115685;taxiway;83.11859934115685;;
;106;71;160;0;17.8496815890237;taxiway;17.8496815890237;;
;107;160;69;0;16.531583990146956;taxiway;16.531583990146956;;
;108;142;490;0;32.1262387687179;taxiway;32.1262387687179;;
;109;490;492;0;25.539248529575378;taxiway;25.539248529575378;;
;110;492;143;0;17.397445950221204;taxiway;17.397445950221204;;
;111;149;65;0;72.07361683605305;taxiway;72.07361683605305;;
;112;65;30;0;72.27700947784773;taxiway;72.27700947784773;;
;113;30;64;0;56.316182450673395;taxiway;56.316182450673395;;
;114;64;66;0;23.02775516392885;taxiway;23.02775516392885;;
;115;324;331;0;21.868201075928646;taxiway;21.868201075928646;;
;116;331;323;0;8.688887764934046;taxiway;8.688887764934046;;
;117;323;25;0;82.53969043137813;taxiway;82.53969043137813;;
;118;25;322;0;16.973220208079432;taxiway;16.973220208079432;;
;119;322;26;0;15.080065311079354;taxiway;15.080065311079354;;
;120;26;329;0;21.110096149903576;taxiway;21.110096149903576;;
;121;329;321;0;98.12777616062479;taxiway;98.12777616062479;;
;122;43;462;0;35.459927449102494;taxiway;35.459927449102494;;
;123;462;442;0;85.21726867285808;taxiway;85.21726867285808;;
;124;442;443;0;23.53038432780169;taxiway;23.53038432780169;;
;125;443;113;0;19.43820659700735;taxiway;19.43820659700735;;
;126;113;114;0;21.634199200622632;taxiway;21.634199200622632;;
;127;114;444;0;24.713935233004104;taxiway;24.713935233004104;;
;128;444;466;0;63.51477713003092;taxiway;63.51477713003092;;
;129;466;115;0;65.31241495736586;taxiway;65.31241495736586;;
;130;78;487;0;98.79572240639844;taxiway;98.79572240639844;;
;131;320;31;0;8.897696479289767;taxiway;8.897696479289767;;
;132;31;471;0;8.927487675333365;taxiway;8.927487675333365;;
;133;471;390;0;22.313929790615855;taxiway;22.313929790615855;;
;134;390;392;0;67.64199227589076;taxiway;67.64199227589076;;
;135;392;394;0;47.73941779932297;taxiway;47.73941779932297;;
;136;394;396;0;49.69519144932123;taxiway;49.69519144932123;;
;137;396;472;0;38.493683010077234;taxiway;38.493683010077234;;
;138;472;473;0;52.230090746997206;taxiway;52.230090746997206;;
;139;321;197;0;34.39370216146056;taxiway;34.39370216146056;;
;140;197;195;0;34.27928312933553;taxiway;34.27928312933553;;
;141;195;33;0;5.354980112551995;taxiway;5.354980112551995;;
;142;33;193;0;6.193579253560208;taxiway;6.193579253560208;;
;143;193;480;0;11.469233284574313;taxiway;11.469233284574313;;
;144;480;24;0;34.07465873694159;taxiway;34.07465873694159;;
;145;24;191;0;5.4779463468854965;taxiway;5.4779463468854965;;
;146;191;189;0;31.484133090846232;taxiway;31.484133090846232;;
;147;189;219;0;4.1189892054981705;taxiway;4.1189892054981705;;
;148;219;187;0;8.212262877506177;taxiway;8.212262877506177;;
;149;187;221;0;40.36359683365231;taxiway;40.36359683365231;;
;150;221;185;0;5.726174283064961;taxiway;5.726174283064961;;
;151;185;183;0;33.037160414684806;taxiway;33.037160414684806;;
;152;183;181;0;11.188382815973128;taxiway;11.188382815973128;;
;153;181;179;0;46.094286602096126;taxiway;46.094286602096126;;
;154;179;224;0;16.539204489575827;taxiway;16.539204489575827;;
;155;224;177;0;19.601665208462556;taxiway;19.601665208462556;;
;156;177;175;0;9.016270673633306;taxiway;9.016270673633306;;
;157;175;226;0;22.339327079430646;taxiway;22.339327079430646;;
;158;226;173;0;27.261932490979213;taxiway;27.261932490979213;;
;159;173;228;0;15.302836256032705;taxiway;15.302836256032705;;
;160;228;171;0;19.7081339402995;taxiway;19.7081339402995;;
;161;171;169;0;7.459927380329296;taxiway;7.459927380329296;;
;162;169;167;0;49.29695286833495;taxiway;49.29695286833495;;
;163;167;138;0;10.18796145999651;taxiway;10.18796145999651;;
;164;138;165;0;49.58086663223386;taxiway;49.58086663223386;;
;165;165;163;0;6.917154286421153;taxiway;6.917154286421153;;
;166;163;481;0;27.05979063628918;taxiway;27.05979063628918;;
;167;482;212;0;52.37636247676841;taxiway;52.37636247676841;;
;168;212;209;0;3.2144444175606965;taxiway;3.2144444175606965;;
;169;209;214;0;48.76053976716641;taxiway;48.76053976716641;;
;170;214;207;0;24.260919041883458;taxiway;24.260919041883458;;
;171;207;205;0;13.421191534094618;taxiway;13.421191534094618;;
;172;205;483;0;3.3729392060091943;taxiway;3.3729392060091943;;
;173;483;216;0;13.539703988550716;taxiway;13.539703988550716;;
;174;216;203;0;31.605112225298605;taxiway;31.605112225298605;;
;175;203;201;0;30.870086120089745;taxiway;30.870086120089745;;
;176;201;199;0;15.325757463847403;taxiway;15.325757463847403;;
;177;199;321;0;7.455703356398127;taxiway;7.455703356398127;;
;178;115;445;0;27.995080336406208;taxiway;27.995080336406208;;
;179;445;116;0;22.79183680252687;taxiway;22.79183680252687;;
;180;116;446;0;17.002360624141687;taxiway;17.002360624141687;;
;181;141;373;0;41.32035681985441;taxiway;41.32035681985441;;
;182;373;155;0;69.80802197341718;taxiway;69.80802197341718;;
;183;155;336;0;29.78808603802877;taxiway;29.78808603802877;;
;184;336;338;0;53.43142708539668;taxiway;53.43142708539668;;
;185;338;477;0;9.342778796541255;taxiway;9.342778796541255;;
;186;477;28;0;7.903983022802652;taxiway;7.903983022802652;;
;187;28;478;0;5.932303412135156;taxiway;5.932303412135156;;
;188;478;32;0;6.812923967907244;taxiway;6.812923967907244;;
;189;32;479;0;8.412043237784058;taxiway;8.412043237784058;;
;190;479;343;0;14.560199040652746;taxiway;14.560199040652746;;
;191;343;345;0;57.525829916153846;taxiway;57.525829916153846;;
;192;345;349;0;54.689679071006424;taxiway;54.689679071006424;;
;193;349;351;0;54.26556990373965;taxiway;54.26556990373965;;
;194;351;356;0;60.562395644090294;taxiway;60.562395644090294;;
;195;356;68;0;73.89495952553094;taxiway;73.89495952553094;;
;196;68;69;0;38.61437840698184;taxiway;38.61437840698184;;
;197;458;49;0;33.173235259384256;taxiway;33.173235259384256;;
;198;49;459;0;22.38802519198337;taxiway;22.38802519198337;;
;199;459;50;0;32.1738311488748;taxiway;32.1738311488748;;
;200;50;52;0;77.88236825736435;taxiway;77.88236825736435;;
;201;320;7;0;25.373069992410077;taxiway;25.373069992410077;;
;202;7;14;0;9.681059977618407;taxiway;9.681059977618407;;
;203;14;17;0;8.093030255807333;taxiway;8.093030255807333;;
;204;17;70;0;36.57901787774987;taxiway;36.57901787774987;;
;205;324;297;0;10.265410795902188;taxiway;10.265410795902188;;
;206;297;295;0;28.3037916413852;taxiway;28.3037916413852;;
;207;295;293;0;41.87416624961952;taxiway;41.87416624961952;;
;208;293;291;0;22.009943464185437;taxiway;22.009943464185437;;
;209;291;289;0;19.748282039383525;taxiway;19.748282039383525;;
;210;289;140;0;32.784186982391894;taxiway;32.784186982391894;;
;211;140;287;0;7.589113213521046;taxiway;7.589113213521046;;
;212;287;285;0;21.00452043014972;taxiway;21.00452043014972;;
;213;285;283;0;20.374376821404432;taxiway;20.374376821404432;;
;214;283;327;0;9.168222917415283;taxiway;9.168222917415283;;
;215;327;318;0;21.222357544649306;taxiway;21.222357544649306;;
;216;318;281;0;10.73556159297098;taxiway;10.73556159297098;;
;217;281;325;0;9.267331164777229;taxiway;9.267331164777229;;
;218;325;279;0;11.107645848187193;taxiway;11.107645848187193;;
;219;279;277;0;20.999806332161622;taxiway;20.999806332161622;;
;220;277;316;0;8.500386217413807;taxiway;8.500386217413807;;
;221;316;314;0;20.379014765295295;taxiway;20.379014765295295;;
;222;314;275;0;11.475117457659781;taxiway;11.475117457659781;;
;223;275;139;0;5.603033443173912;taxiway;5.603033443173912;;
;224;139;312;0;3.796038797593319;taxiway;3.796038797593319;;
;225;312;273;0;10.957946320417305;taxiway;10.957946320417305;;
;226;273;271;0;20.498793920587715;taxiway;20.498793920587715;;
;227;271;310;0;9.53916924904922;taxiway;9.53916924904922;;
;228;310;308;0;21.006662852247086;taxiway;21.006662852247086;;
;229;308;269;0;10.450067010462257;taxiway;10.450067010462257;;
;230;269;306;0;9.668500759386808;taxiway;9.668500759386808;;
;231;306;267;0;10.074245039352494;taxiway;10.074245039352494;;
;232;267;265;0;20.501867235963775;taxiway;20.501867235963775;;
;233;265;304;0;9.920293272066967;taxiway;9.920293272066967;;
;234;304;302;0;20.630533065828626;taxiway;20.630533065828626;;
;235;302;263;0;10.702394021246304;taxiway;10.702394021246304;;
;236;263;300;0;9.668035289836462;taxiway;9.668035289836462;;
;237;300;261;0;10.449636355127941;taxiway;10.449636355127941;;
;238;261;259;0;20.241637537147984;taxiway;20.241637537147984;;
;239;259;137;0;37.016598761269954;taxiway;37.016598761269954;;
;240;137;500;0;11.779718513849051;taxiway;11.779718513849051;;
;241;500;501;0;21.511328179922238;taxiway;21.511328179922238;;
;242;501;256;0;9.534450391847745;taxiway;9.534450391847745;;
;243;256;254;0;15.590393158140536;taxiway;15.590393158140536;;
;244;254;240;0;12.324146927415743;taxiway;12.324146927415743;;
;245;240;238;0;14.969841698898298;taxiway;14.969841698898298;;
;246;238;252;0;14.836371156956302;taxiway;14.836371156956302;;
;247;252;236;0;12.072166708551839;taxiway;12.072166708551839;;
;248;236;250;0;15.598184964327649;taxiway;15.598184964327649;;
;249;250;248;0;14.465310991090545;taxiway;14.465310991090545;;
;250;248;234;0;14.087034449481763;taxiway;14.087034449481763;;
;251;234;232;0;12.69717241246953;taxiway;12.69717241246953;;
;252;232;246;0;15.597607926983452;taxiway;15.597607926983452;;
;253;246;230;0;15.307834828855786;taxiway;15.307834828855786;;
;254;230;244;0;11.849804762682371;taxiway;11.849804762682371;;
;255;244;242;0;15.222044594737289;taxiway;15.222044594737289;;
;256;242;488;0;2.9699423168232197;taxiway;2.9699423168232197;;
;257;75;76;0;31.54353932389322;taxiway;31.54353932389322;;
;258;76;79;0;64.61259785946935;taxiway;64.61259785946935;;
;259;79;80;0;53.546607539482345;taxiway;53.546607539482345;;
;260;72;497;0;65.69741802219724;taxiway;65.69741802219724;;
;261;497;142;0;28.784029489653737;taxiway;28.784029489653737;;
;262;324;496;0;24.013880135792668;taxiway;24.013880135792668;;
;263;496;362;0;22.19259158945813;taxiway;22.19259158945813;;
;264;362;364;0;20.009530225197246;taxiway;20.009530225197246;;
;265;364;366;0;17.10369799749604;taxiway;17.10369799749604;;
;266;366;333;0;38.75432755128055;taxiway;38.75432755128055;;
;267;333;369;0;17.475391193056858;taxiway;17.475391193056858;;
;268;369;141;0;7.6652275070677165;taxiway;7.6652275070677165;;
;269;141;371;0;11.41298518382278;taxiway;11.41298518382278;;
;270;371;335;0;24.866062641787696;taxiway;24.866062641787696;;
;271;335;375;0;12.657058228686083;taxiway;12.657058228686083;;
;272;375;136;0;12.209316912624182;taxiway;12.209316912624182;;
;273;136;152;0;40.76940065540555;taxiway;40.76940065540555;;
;274;152;377;0;5.486155472346436;taxiway;5.486155472346436;;
;275;377;379;0;21.561896430959287;taxiway;21.561896430959287;;
;276;379;135;0;13.293500917454683;taxiway;13.293500917454683;;
;277;135;347;0;7.527787243766493;taxiway;7.527787243766493;;
;278;347;353;0;63.56676278789736;taxiway;63.56676278789736;;
;279;353;493;0;1.8100295636760289;taxiway;1.8100295636760289;;
;280;493;385;0;44.10547496396083;taxiway;44.10547496396083;;
;281;385;387;0;21.517185131634633;taxiway;21.517185131634633;;
;282;387;66;0;15.356558910067752;taxiway;15.356558910067752;;
;283;66;162;0;30.438323613450592;taxiway;30.438323613450592;;
;284;67;68;0;18.168292654322844;taxiway;18.168292654322844;;
;285;68;358;0;34.59865086765606;taxiway;34.59865086765606;;
;286;358;360;0;16.278659184494902;taxiway;16.278659184494902;;
;287;360;161;0;10.934923671965143;taxiway;10.934923671965143;;
;288;161;27;0;36.48588931262637;taxiway;36.48588931262637;;
;289;27;46;0;33.377992729446234;taxiway;33.377992729446234;;
;290;46;47;0;88.72543851410111;taxiway;88.72543851410111;;
;291;493;381;0;11.582852741848432;taxiway;11.582852741848432;;
;292;381;383;0;28.474044884873685;taxiway;28.474044884873685;;
;293;494;489;0;20.019873276200464;taxiway;20.019873276200464;;
;294;489;495;0;24.279276123107362;taxiway;24.279276123107362;;
;295;495;496;0;61.4786697333272;taxiway;61.4786697333272;;
;296;473;409;0;13.347556242278166;taxiway;13.347556242278166;;
;297;409;411;0;57.30212460596715;taxiway;57.30212460596715;;
;298;411;148;0;7.246331349690385;taxiway;7.246331349690385;;
;299;148;413;0;64.71351193392931;taxiway;64.71351193392931;;
;300;413;415;0;31.464973546325215;taxiway;31.464973546325215;;
;301;415;70;0;28.873165368761477;taxiway;28.873165368761477;;
;302;70;4;0;31.233421888950513;taxiway;31.233421888950513;;
;303;4;417;0;4.7832463596629875;taxiway;4.7832463596629875;;
;304;417;11;0;5.456544821781876;taxiway;5.456544821781876;;
;305;11;54;0;41.84331052716025;taxiway;41.84331052716025;;
;306;76;487;0;18.295905334575217;taxiway;18.295905334575217;;
;307;487;77;0;81.17549127529672;taxiway;81.17549127529672;;
;308;54;22;0;95.87591380898454;taxiway;95.87591380898454;;
;309;22;3;0;11.117770033026035;taxiway;11.117770033026035;;
;310;3;16;0;10.737657359041306;taxiway;10.737657359041306;;
;311;16;1;0;13.570911449093693;taxiway;13.570911449093693;;
;312;1;20;0;11.576634594712951;taxiway;11.576634594712951;;
;313;20;13;0;8.671779046031936;taxiway;8.671779046031936;;
;314;13;6;0;8.80107349003256;taxiway;8.80107349003256;;
;315;6;53;0;40.94156712611023;taxiway;40.94156712611023;;
;316;53;159;0;97.91594267565122;taxiway;97.91594267565122;;
;317;159;51;0;47.87647480656825;taxiway;47.87647480656825;;
;318;122;126;0;44.110984488090295;taxiway;44.110984488090295;;
;319;61;491;0;40.520053664799526;taxiway;40.520053664799526;;
;320;491;91;0;57.77258783653346;taxiway;57.77258783653346;;
;321;51;8;0;14.73776525919664;taxiway;14.73776525919664;;
;322;8;19;0;8.890612727771055;taxiway;8.890612727771055;;
;323;19;499;0;8.551585877074762;taxiway;8.551585877074762;;
;324;499;498;0;45.33281215798585;taxiway;45.33281215798585;;
;325;474;502;0;72.2036870918211;taxiway;72.2036870918211;;
;326;84;83;0;99.70006072596512;taxiway;99.70006072596512;;
;327;83;81;0;95.88210950840393;taxiway;95.88210950840393;;
;328;81;74;0;69.79693284104808;taxiway;69.79693284104808;;
;329;134;127;0;32.785559653357076;taxiway;32.785559653357076;;
;330;127;42;0;27.157072790738944;taxiway;27.157072790738944;;
;331;42;128;0;26.783807240381698;taxiway;26.783807240381698;;
;332;128;129;0;42.040845411610434;taxiway;42.040845411610434;;
;333;129;130;0;67.60419214817388;taxiway;67.60419214817388;;
;334;135;153;0;72.65731609429429;taxiway;72.65731609429429;;
;335;153;154;0;13.329337077620002;taxiway;13.329337077620002;;
;336;154;155;0;18.699039932949375;taxiway;18.699039932949375;;
;337;156;157;0;25.216863038172466;taxiway;25.216863038172466;;
;338;157;158;0;17.24937104386791;taxiway;17.24937104386791;;
;339;158;159;0;15.4229384574528;taxiway;15.4229384574528;;
;340;160;161;0;42.525642541109164;taxiway;42.525642541109164;;
;341;64;162;0;25.727802593347665;taxiway;25.727802593347665;;
;342;163;164;0;107.91912683765555;gate;107.91912683765555;216;
;343;165;166;0;108.42667972430027;gate;108.42667972430027;216R;
;344;167;168;0;104.3089426789492;gate;104.3089426789492;215;
;345;169;170;0;102.19192188479366;gate;102.19192188479366;214L;
;346;171;172;0;113.75099834991298;gate;113.75099834991298;214;
;347;173;174;0;102.9038635095109;gate;102.9038635095109;213;
;348;175;176;0;103.37919191521345;gate;103.37919191521345;212L;
;349;177;178;0;116.69882840827336;gate;116.69882840827336;212;
;350;179;180;0;97.56477075398833;gate;97.56477075398833;211;
;351;181;182;0;100.5318289534913;gate;100.5318289534913;210L;
;352;183;184;0;113.74585509663916;gate;113.74585509663916;210;
;353;185;186;0;102.79521736443535;gate;102.79521736443535;209;
;354;187;188;0;103.29082808782276;gate;103.29082808782276;208L;
;355;189;190;0;115.03953344015974;gate;115.03953344015974;208;
;356;191;192;0;102.64823332565109;gate;102.64823332565109;207;
;357;193;194;0;109.3496482717195;gate;109.3496482717195;206L;
;358;195;196;0;126.86676887291797;gate;126.86676887291797;206;
;359;197;198;0;114.31195785953423;gate;114.31195785953423;205;
;360;199;200;0;115.51264929303785;gate;115.51264929303785;204L;
;361;201;202;0;129.8090781345679;gate;129.8090781345679;204;
;362;203;204;0;121.83665291633974;gate;121.83665291633974;203;
;363;205;206;0;113.40786877597544;gate;113.40786877597544;202L;
;364;207;208;0;120.9280863004927;gate;120.9280863004927;202;
;365;209;210;0;93.0358368914542;gate;93.0358368914542;201;
;366;482;211;0;101.41287825318324;gate;101.41287825318324;22;
;367;212;213;0;103.14612101004377;gate;103.14612101004377;24;
;368;214;215;0;110.64551320065154;gate;110.64551320065154;26;
;369;216;217;0;94.93420613443071;gate;94.93420613443071;28;
;370;193;218;0;95.11620619034336;gate;95.11620619034336;231;
;371;219;220;0;102.85027675449882;gate;102.85027675449882;233;
;372;221;222;0;105.79982191230178;gate;105.79982191230178;235;
;373;181;223;0;101.61923795759202;gate;101.61923795759202;237;
;374;224;225;0;99.74063174082455;gate;99.74063174082455;239;
;375;226;227;0;94.30400817867934;gate;94.30400817867934;241;
;376;228;229;0;93.6745668893287;gate;93.6745668893287;243;
;377;230;231;0;109.19636193709304;gate;109.19636193709304;86L;
;378;232;233;0;114.78485769303309;gate;114.78485769303309;86;
;379;234;235;0;109.11431770626177;gate;109.11431770626177;86R;
;380;236;237;0;108.25932562407979;gate;108.25932562407979;85L;
;381;238;239;0;114.13588466375707;gate;114.13588466375707;85;
;382;240;241;0;108.18052277012396;gate;108.18052277012396;85R;
;383;242;243;0;108.55784022535373;gate;108.55784022535373;74R;
;384;244;245;0;113.99661468800004;gate;113.99661468800004;74;
;385;246;247;0;108.88550489639654;gate;108.88550489639654;74L;
;386;248;249;0;110.47178447029384;gate;110.47178447029384;73R;
;387;250;251;0;115.04634002475042;gate;115.04634002475042;73;
;388;252;253;0;110.17620906056501;gate;110.17620906056501;73L;
;389;254;255;0;109.75230818503621;gate;109.75230818503621;72R;
;390;256;257;0;114.57872214340574;gate;114.57872214340574;72;
;391;500;258;0;120.86175177782118;gate;120.86175177782118;72L;
;392;259;260;0;119.03868029577981;gate;119.03868029577981;71R;
;393;261;262;0;118.21972394058977;gate;118.21972394058977;71;
;394;263;264;0;110.61443466798447;gate;110.61443466798447;71L;
;395;265;266;0;120.17209134709105;gate;120.17209134709105;70R;
;396;267;268;0;118.4752588118124;gate;118.4752588118124;70;
;397;269;270;0;118.043494092624;gate;118.043494092624;70L;
;398;271;272;0;117.28367831456848;gate;117.28367831456848;69R;
;399;273;274;0;102.69758733913397;gate;102.69758733913397;69;
;400;275;276;0;107.61093689814798;gate;107.61093689814798;69L;
;401;277;278;0;116.17322332431324;gate;116.17322332431324;68R;
;402;279;280;0;117.43744496388219;gate;117.43744496388219;68;
;403;281;282;0;113.42953323910486;gate;113.42953323910486;68L;
;404;283;284;0;118.36193330011777;gate;118.36193330011777;67R;
;405;285;286;0;118.73979499639219;gate;118.73979499639219;67;
;406;287;288;0;112.35385024086506;gate;112.35385024086506;67L;
;407;289;290;0;118.50298462784198;gate;118.50298462784198;66R;
;408;291;292;0;119.0151253086577;gate;119.0151253086577;66;
;409;293;294;0;117.26617986294889;gate;117.26617986294889;66L;
;410;295;296;0;112.89010273910029;gate;112.89010273910029;65R;
;411;297;298;0;114.05482891669533;gate;114.05482891669533;65;
;412;324;299;0;110.03949354899964;gate;110.03949354899964;65L;
;413;300;301;0;108.35551624728102;gate;108.35551624728102;84L;
;414;302;303;0;108.66755808620277;gate;108.66755808620277;84;
;415;304;305;0;111.11842429768348;gate;111.11842429768348;84R;
;416;306;307;0;108.73288866709446;gate;108.73288866709446;83L;
;417;308;309;0;108.79205803361597;gate;108.79205803361597;83;
;418;310;311;0;111.38144332136683;gate;111.38144332136683;83R;
;419;312;313;0;109.49774712378017;gate;109.49774712378017;82L;
;420;314;315;0;110.54044564297521;gate;110.54044564297521;82;
;421;316;317;0;110.90981602933678;gate;110.90981602933678;82R;
;422;318;319;0;107.61921693037823;gate;107.61921693037823;81;
;423;325;326;0;105.86721975252028;gate;105.86721975252028;81L;
;424;327;328;0;109.61559768983524;gate;109.61559768983524;81R;
;425;329;330;0;116.95991794964276;gate;116.95991794964276;32;
;426;331;332;0;116.46926706030013;gate;116.46926706030013;31;
;427;333;334;0;110.01069829851558;gate;110.01069829851558;29;
;428;336;337;0;104.4258400237015;gate;104.4258400237015;25;
;429;338;339;0;110.73463251447018;gate;110.73463251447018;23;
;430;479;340;0;33.956116657354954;taxiway;33.956116657354954;;
;431;340;341;0;77.66856625353897;gate;77.66856625353897;21;
;432;340;342;0;75.18443449567478;gate;75.18443449567478;2;
;433;343;344;0;85.99822864029476;gate;85.99822864029476;4;
;434;345;346;0;87.56628647395485;gate;87.56628647395485;6;
;435;347;348;0;81.1973312853905;gate;81.1973312853905;100;
;436;349;350;0;82.64964394494197;gate;82.64964394494197;8;
;437;351;352;0;91.91548211564992;gate;91.91548211564992;10;
;438;353;354;0;19.62713280320892;taxiway;19.62713280320892;;
;439;354;355;0;73.76640728547545;gate;73.76640728547545;101;
;440;356;357;0;89.82075371043116;gate;89.82075371043116;12L;
;441;358;359;0;136.83645775781903;gate;136.83645775781903;12;
;442;360;361;0;135.37204284027254;gate;135.37204284027254;12R;
;443;362;363;0;113.10791045230471;gate;113.10791045230471;64R;
;444;364;365;0;117.07971292420405;gate;117.07971292420405;64;
;445;366;367;0;114.20143656624451;gate;114.20143656624451;64L;
;446;333;368;0;118.6300605658195;gate;118.6300605658195;63R;
;447;369;370;0;119.88552953484111;gate;119.88552953484111;63;
;448;371;372;0;117.34988785951779;gate;117.34988785951779;63L;
;449;373;374;0;125.74549354146328;gate;125.74549354146328;27;
;450;335;373;0;20.408143420649846;taxiway;20.408143420649846;;
;451;375;376;0;103.44973292846537;gate;103.44973292846537;62R;
;452;377;378;0;108.01516211986204;gate;108.01516211986204;62;
;453;379;380;0;67.98475606042096;gate;67.98475606042096;62L;
;454;381;382;0;101.18275015791723;gate;101.18275015791723;61;
;455;383;384;0;81.62485532303846;gate;81.62485532303846;61R;
;456;385;386;0;97.23973206045721;gate;97.23973206045721;60R;
;457;387;388;0;108.70225690859778;gate;108.70225690859778;60;
;458;66;389;0;98.47314732863667;gate;98.47314732863667;60L;
;459;390;391;0;74.24007188657981;gate;74.24007188657981;15;
;460;392;393;0;77.15133261193938;gate;77.15133261193938;11;
;461;394;395;0;72.14888030822746;gate;72.14888030822746;9;
;462;396;397;0;69.75881663196627;gate;69.75881663196627;7;
;463;472;398;0;62.84794021550499;gate;62.84794021550499;5;
;464;472;399;0;18.80391828724659;taxiway;18.80391828724659;;
;465;399;400;0;85.03191686689472;gate;85.03191686689472;1;
;466;399;401;0;16.919577103062068;taxiway;16.919577103062068;;
;467;401;402;0;8.491911253973255;taxiway;8.491911253973255;;
;468;402;403;0;54.55348803479186;gate;54.55348803479186;16;
;469;473;407;0;16.946154319504732;taxiway;16.946154319504732;;
;470;407;404;0;14.156823942359399;taxiway;14.156823942359399;;
;471;404;405;0;62.72645076295203;gate;62.72645076295203;17;
;472;404;406;0;76.85678406846789;gate;76.85678406846789;18;
;473;407;408;0;91.96624077527649;gate;91.96624077527649;41;
;474;409;410;0;82.72257494987508;gate;82.72257494987508;42;
;475;411;412;0;92.99693806156203;gate;92.99693806156203;43;
;476;413;414;0;85.2266682517735;gate;85.2266682517735;44L;
;477;415;416;0;112.843053066331;gate;112.843053066331;44;
;478;417;418;0;102.46595260050769;gate;102.46595260050769;44R;
;479;13;419;0;91.06515810526888;gate;91.06515810526888;47;
;480;420;421;0;115.29251465796011;gate;115.29251465796011;48;
;481;422;423;0;117.86196074869834;gate;117.86196074869834;49;
;482;424;425;0;90.94024183000317;gate;90.94024183000317;50;
;483;426;427;0;82.04373430434448;gate;82.04373430434448;51;
;484;428;429;0;98.52696795691823;gate;98.52696795691823;53;
;485;430;431;0;89.72881785714173;gate;89.72881785714173;52;
;486;432;433;0;105.78493332046678;gate;105.78493332046678;54;
;487;434;435;0;110.98274782260877;gate;110.98274782260877;55;
;488;436;437;0;75.13563553275566;gate;75.13563553275566;56;
;489;438;439;0;70.88748499392491;gate;70.88748499392491;57;
;490;440;441;0;73.69896346183344;gate;73.69896346183344;58;
;491;112;121;0;80.50216459743083;taxiway;80.50216459743083;;
;492;144;44;0;58.42040449795025;taxiway;58.42040449795025;;
;493;503;622;0;50.8926091300633;gate;50.8926091300633;;
;494;150;622;0;17.381400701007497;taxiway;17.381400701007497;;
;495;504;151;0;58.57380639647773;gate;58.57380639647773;;
;496;505;623;0;43.269230461890686;gate;43.269230461890686;;
;497;151;623;0;59.401270729910514;taxiway;59.401270729910514;;
;498;623;150;0;60.25905284885632;taxiway;60.25905284885632;;
;499;506;623;0;43.269230461890686;gate;43.269230461890686;;
;500;507;77;0;29.242230313700084;gate;29.242230313700084;;
;501;508;624;0;82.18770487538062;gate;82.18770487538062;;
;502;622;624;0;31.008849698752243;taxiway;31.008849698752243;;
;503;624;149;0;14.162862526375859;taxiway;14.162862526375859;;
;504;509;624;0;82.18770487538062;gate;82.18770487538062;;
;505;121;595;0;57.37762657592103;taxiway;57.37762657592103;;
;506;595;596;0;57.37731284411007;taxiway;57.37731284411007;;
;507;596;120;0;57.3771559775613;taxiway;57.3771559775613;;
;508;120;597;0;72.56087580140115;taxiway;72.56087580140115;;
;509;597;144;0;72.56050367558042;taxiway;72.56050367558042;;
;510;98;510;0;68.91068180016525;taxiway;68.91068180016525;;
;511;510;99;0;68.91042057547368;taxiway;68.91042057547368;;
;512;104;511;0;71.48496278188857;taxiway;71.48496278188857;;
;513;511;105;0;71.48452210056952;taxiway;71.48452210056952;;
;514;73;512;0;52.98289709286363;taxiway;52.98289709286363;;
;515;512;513;0;52.98272721572094;taxiway;52.98272721572094;;
;516;513;514;0;52.98247239898565;taxiway;52.98247239898565;;
;517;514;515;0;52.98221758102483;taxiway;52.98221758102483;;
;518;515;516;0;52.982047701703415;taxiway;52.982047701703415;;
;519;516;467;0;52.9818778218373;taxiway;52.9818778218373;;
;520;74;517;0;60.91611019522681;taxiway;60.91611019522681;;
;521;517;518;0;60.91611019522681;taxiway;60.91611019522681;;
;522;518;75;0;60.91611019522681;taxiway;60.91611019522681;;
;523;80;560;0;56.208118963807685;taxiway;56.208118963807685;;
;524;560;72;0;56.207878769291206;taxiway;56.207878769291206;;
;525;142;561;0;53.306205603127665;taxiway;53.306205603127665;;
;526;561;562;0;53.306205603127665;taxiway;53.306205603127665;;
;527;562;64;0;53.306121179787404;taxiway;53.306121179787404;;
;528;106;601;0;53.520042967709344;taxiway;53.520042967709344;;
;529;601;602;0;53.51987479551849;taxiway;53.51987479551849;;
;530;602;603;0;53.519790709224885;taxiway;53.519790709224885;;
;531;603;604;0;53.51970662279918;taxiway;53.51970662279918;;
;532;604;107;0;53.51962253624136;taxiway;53.51962253624136;;
;533;106;590;0;65.1088309661563;taxiway;65.1088309661563;;
;534;590;108;0;65.10910744323311;taxiway;65.10910744323311;;
;535;74;548;0;51.005140806004626;taxiway;51.005140806004626;;
;536;548;549;0;51.00478787687876;taxiway;51.00478787687876;;
;537;549;550;0;51.00469964421572;taxiway;51.00469964421572;;
;538;550;551;0;51.00443494531076;taxiway;51.00443494531076;;
;539;551;45;0;51.00425847861095;taxiway;51.00425847861095;;
;540;45;552;0;53.8672846499242;taxiway;53.8672846499242;;
;541;552;553;0;53.867034017567164;taxiway;53.867034017567164;;
;542;553;554;0;53.86678338404399;taxiway;53.86678338404399;;
;543;554;555;0;53.866532749354654;taxiway;53.866532749354654;;
;544;555;556;0;53.86644920419905;taxiway;53.86644920419905;;
;545;556;46;0;53.866198567954804;taxiway;53.866198567954804;;
;546;46;557;0;57.386567211519285;taxiway;57.386567211519285;;
;547;557;558;0;57.386253528586955;taxiway;57.386253528586955;;
;548;558;559;0;57.386096686477806;taxiway;57.386096686477806;;
;549;559;320;0;57.3857830009735;taxiway;57.3857830009735;;
;550;81;605;0;54.56660285551837;taxiway;54.56660285551837;;
;551;605;606;0;54.56652038221904;taxiway;54.56652038221904;;
;552;606;607;0;54.56643790879505;taxiway;54.56643790879505;;
;553;607;608;0;54.56627296157312;taxiway;54.56627296157312;;
;554;608;609;0;54.56627296157312;taxiway;54.56627296157312;;
;555;609;82;0;54.56619048777517;taxiway;54.56619048777517;;
;556;85;591;0;64.79857500717769;taxiway;64.79857500717769;;
;557;591;592;0;64.79836665576234;taxiway;64.79836665576234;;
;558;592;84;0;64.79801940191469;taxiway;64.79801940191469;;
;559;45;536;0;63.60002829119425;taxiway;63.60002829119425;;
;560;536;537;0;63.60002829119425;taxiway;63.60002829119425;;
;561;537;72;0;63.60002829119425;taxiway;63.60002829119425;;
;562;162;563;0;61.993458111504076;taxiway;61.993458111504076;;
;563;563;67;0;61.993675889795654;taxiway;61.993675889795654;;
;564;47;564;0;65.28146974600674;taxiway;65.28146974600674;;
;565;564;565;0;65.28181442823485;taxiway;65.28181442823485;;
;566;565;58;0;65.2820212366982;taxiway;65.2820212366982;;
;567;58;571;0;57.241619879488454;taxiway;57.241619879488454;;
;568;571;61;0;57.24185573628853;taxiway;57.24185573628853;;
;569;75;620;0;50.75749004992196;taxiway;50.75749004992196;;
;570;620;621;0;50.75749004992196;taxiway;50.75749004992196;;
;571;621;45;0;50.75749004992196;taxiway;50.75749004992196;;
;572;48;599;0;60.72061411666898;taxiway;60.72061411666898;;
;573;599;600;0;60.72076234569936;taxiway;60.72076234569936;;
;574;600;55;0;60.72105880267457;taxiway;60.72105880267457;;
;575;59;593;0;64.02120738596888;taxiway;64.02120738596888;;
;576;593;594;0;64.02148855995303;taxiway;64.02148855995303;;
;577;594;60;0;64.02169943963077;taxiway;64.02169943963077;;
;578;461;598;0;53.134549977019546;taxiway;53.134549977019546;;
;579;598;57;0;53.13471936876931;taxiway;53.13471936876931;;
;580;56;572;0;50.61978777170001;taxiway;50.61978777170001;;
;581;572;573;0;50.61978777170001;taxiway;50.61978777170001;;
;582;573;574;0;50.61978777170001;taxiway;50.61978777170001;;
;583;574;51;0;50.61987667528132;taxiway;50.61987667528132;;
;584;52;547;0;53.65323756575511;taxiway;53.65323756575511;;
;585;547;56;0;53.65323756575511;taxiway;53.65323756575511;;
;586;51;568;0;66.48571515061602;taxiway;66.48571515061602;;
;587;568;502;0;66.4853090214403;taxiway;66.4853090214403;;
;588;502;569;0;66.5426164003143;taxiway;66.5426164003143;;
;589;569;570;0;66.54234587933026;taxiway;66.54234587933026;;
;590;570;122;0;66.54194009579204;taxiway;66.54194009579204;;
;591;62;519;0;62.25048486970237;taxiway;62.25048486970237;;
;592;519;520;0;62.250340283211;taxiway;62.250340283211;;
;593;520;521;0;62.249978815513366;taxiway;62.249978815513366;;
;594;521;47;0;62.24961734571677;taxiway;62.24961734571677;;
;595;47;522;0;56.343026160424095;taxiway;56.343026160424095;;
;596;522;523;0;56.342866414274255;taxiway;56.342866414274255;;
;597;523;524;0;56.342546920615796;taxiway;56.342546920615796;;
;598;524;48;0;56.34222742514562;taxiway;56.34222742514562;;
;599;138;538;0;52.21216583461761;taxiway;52.21216583461761;;
;600;538;539;0;52.21216583461761;taxiway;52.21216583461761;;
;601;539;540;0;52.21251060250379;taxiway;52.21251060250379;;
;602;540;541;0;52.21268298559318;taxiway;52.21268298559318;;
;603;541;137;0;52.21285536811343;taxiway;52.21285536811343;;
;604;140;542;0;50.14647445531823;taxiway;50.14647445531823;;
;605;542;543;0;50.146294969423245;taxiway;50.146294969423245;;
;606;543;544;0;50.14611548288583;taxiway;50.14611548288583;;
;607;544;545;0;50.14593599570599;taxiway;50.14593599570599;;
;608;545;480;0;50.14575650788371;taxiway;50.14575650788371;;
;609;383;566;0;64.8017001980206;taxiway;64.8017001980206;;
;610;566;567;0;64.80142240938221;taxiway;64.80142240938221;;
;611;567;494;0;64.80121406712193;taxiway;64.80121406712193;;
;612;88;614;0;64.6339073256755;taxiway;64.6339073256755;;
;613;614;615;0;64.63369844344193;taxiway;64.63369844344193;;
;614;615;90;0;64.6332806769496;taxiway;64.6332806769496;;
;615;144;617;0;53.260344037351196;taxiway;53.260344037351196;;
;616;617;618;0;53.26025954131532;taxiway;53.26025954131532;;
;617;618;90;0;53.260344037351196;taxiway;53.260344037351196;;
;618;90;619;0;73.91006145530824;taxiway;73.91006145530824;;
;619;619;91;0;73.9100005666263;taxiway;73.9100005666263;;
;620;112;610;0;64.64685670602776;taxiway;64.64685670602776;;
;621;610;611;0;64.6465782520214;taxiway;64.6465782520214;;
;622;611;85;0;64.64629979681564;taxiway;64.64629979681564;;
;623;110;575;0;51.05382162566211;taxiway;51.05382162566211;;
;624;575;85;0;51.05364532966715;taxiway;51.05364532966715;;
;625;85;576;0;53.6344457777794;taxiway;53.6344457777794;;
;626;576;577;0;53.63427796430263;taxiway;53.63427796430263;;
;627;577;578;0;53.63394233577389;taxiway;53.63394233577389;;
;628;578;86;0;53.6337745207219;taxiway;53.6337745207219;;
;629;86;579;0;55.34585403915387;taxiway;55.34585403915387;;
;630;579;89;0;55.34569141483232;taxiway;55.34569141483232;;
;631;89;580;0;59.66893645974541;taxiway;59.66893645974541;;
;632;580;581;0;59.66871019664254;taxiway;59.66871019664254;;
;633;581;582;0;59.668408511170746;taxiway;59.668408511170746;;
;634;582;583;0;59.66810682417361;taxiway;59.66810682417361;;
;635;583;91;0;59.66780513565111;taxiway;59.66780513565111;;
;636;91;584;0;58.137161743287145;taxiway;58.137161743287145;;
;637;584;585;0;58.136929518670925;taxiway;58.136929518670925;;
;638;585;586;0;58.136697293127085;taxiway;58.136697293127085;;
;639;586;587;0;58.13638765762567;taxiway;58.13638765762567;;
;640;587;60;0;58.13615542991735;taxiway;58.13615542991735;;
;641;60;588;0;50.26103487939536;taxiway;50.26103487939536;;
;642;588;589;0;50.26085580260563;taxiway;50.26085580260563;;
;643;589;458;0;50.260676725177866;taxiway;50.260676725177866;;
;644;120;616;0;63.557346197669105;taxiway;63.557346197669105;;
;645;616;88;0;63.55741700430488;taxiway;63.55741700430488;;
;646;453;612;0;55.428161934680084;taxiway;55.428161934680084;;
;647;612;87;0;55.42824312591784;taxiway;55.42824312591784;;
;648;87;613;0;51.45822890658093;taxiway;51.45822890658093;;
;649;613;121;0;51.45822890658093;taxiway;51.45822890658093;;
;650;111;531;0;58.40823205544898;taxiway;58.40823205544898;;
;651;531;452;0;58.40807795763953;taxiway;58.40807795763953;;
;652;452;532;0;58.063810045226774;taxiway;58.063810045226774;;
;653;532;533;0;58.063732539335064;taxiway;58.063732539335064;;
;654;533;534;0;58.063732539335064;taxiway;58.063732539335064;;
;655;534;535;0;58.06357752724128;taxiway;58.06357752724128;;
;656;535;110;0;58.06357752724128;taxiway;58.06357752724128;;
;657;448;525;0;64.83412384042698;taxiway;64.83412384042698;;
;658;525;526;0;64.83412384042698;taxiway;64.83412384042698;;
;659;526;464;0;64.83398501571797;taxiway;64.83398501571797;;
;660;451;527;0;50.33994565726715;taxiway;50.33994565726715;;
;661;527;528;0;50.33976686119167;taxiway;50.33976686119167;;
;662;528;529;0;50.339409267135515;taxiway;50.339409267135515;;
;663;529;530;0;50.33923046915486;taxiway;50.33923046915486;;
;664;530;110;0;50.33905167053914;taxiway;50.33905167053914;;
;665;446;546;0;72.63129727022154;taxiway;72.63129727022154;;
;666;546;117;0;72.63179295394828;taxiway;72.63179295394828;;
%END
